#Time;x(km);y(km);z(km);alt(km);relVel;dwnrng(km);Q(kPa);Fuel(tons);dV_tot;dV_grav;dv_drag;throttle;accel;aoa;aov;pitch;Cd;x(km);y(km);z(km);yaw;c_thrust;incl
-19.00;914.144;-5524.344;3053.973;   0.013;   0.0;0.000;0.000;409.500;  0.000;  0.000;  0.000;0.0000;1.00;0.00;28.61;28.61;0.200;954.725;-5517.476;3053.973;90.00;0.000;28.608
-18.00;914.144;-5524.344;3053.973;   0.013;   0.0;0.000;0.000;409.500;  0.000;  0.000;  0.000;0.0000;1.00;0.00;28.61;28.61;0.200;955.128;-5517.406;3053.973;90.00;0.000;28.608
-17.00;914.144;-5524.344;3053.973;   0.013;   0.0;0.000;0.000;409.500;  0.000;  0.000;  0.000;0.0000;1.00;0.00;28.61;28.61;0.200;955.530;-5517.337;3053.973;90.00;0.000;28.608
-16.00;914.144;-5524.344;3053.973;   0.013;   0.0;0.000;0.000;409.500;  0.000;  0.000;  0.000;0.0000;1.00;0.00;28.61;28.61;0.200;955.932;-5517.267;3053.973;90.00;0.000;28.608
-15.00;914.144;-5524.344;3053.973;   0.013;   0.0;0.000;0.000;409.500;  0.000;  0.000;  0.000;0.0000;1.00;0.00;28.61;28.61;0.200;956.335;-5517.197;3053.973;90.00;0.000;28.608
-14.00;914.144;-5524.344;3053.973;   0.013;   0.0;0.000;0.000;409.500;  0.000;  0.000;  0.000;0.0000;1.00;0.00;28.61;28.61;0.200;956.737;-5517.127;3053.973;90.00;0.000;28.608
-13.00;914.144;-5524.344;3053.973;   0.013;   0.0;0.000;0.000;409.500;  0.000;  0.000;  0.000;0.0000;1.00;0.00;28.61;28.61;0.200;957.139;-5517.058;3053.973;90.00;0.000;28.608
-12.00;914.144;-5524.344;3053.973;   0.013;   0.0;0.000;0.000;409.500;  0.000;  0.000;  0.000;0.0000;1.00;0.00;28.61;28.61;0.200;957.542;-5516.988;3053.973;90.00;0.000;28.608
-11.00;914.144;-5524.344;3053.973;   0.013;   0.0;0.000;0.000;409.500;  0.000;  0.000;  0.000;0.0000;1.00;0.00;28.61;28.61;0.200;957.944;-5516.918;3053.973;90.00;0.000;28.608
-10.00;914.144;-5524.344;3053.973;   0.013;   0.0;0.000;0.000;409.500;  0.000;  0.000;  0.000;0.0000;1.00;0.00;28.61;28.61;0.200;958.346;-5516.848;3053.973;90.00;0.000;28.608
 -9.00;914.144;-5524.344;3053.973;   0.013;   0.0;0.000;0.000;409.500;  0.000;  0.000;  0.000;0.0000;1.00;0.00;28.61;28.61;0.200;958.749;-5516.778;3053.973;90.00;0.000;28.608
 -8.00;914.144;-5524.344;3053.973;   0.013;   0.0;0.000;0.000;409.500;  0.000;  0.000;  0.000;0.0000;1.00;0.00;28.61;28.61;0.200;959.151;-5516.708;3053.973;90.00;0.000;28.608
 -7.00;914.144;-5524.344;3053.973;   0.013;   0.0;0.000;0.000;409.500;  0.000;  0.000;  0.000;0.0000;1.00;0.00;28.61;28.61;0.200;959.553;-5516.638;3053.973;90.00;0.000;28.608
 -6.00;914.144;-5524.344;3053.973;   0.013;   0.0;0.000;0.000;409.500;  0.000;  0.000;  0.000;0.0000;1.00;0.00;28.61;28.61;0.200;959.955;-5516.568;3053.973;90.00;0.000;28.608
 -5.00;914.144;-5524.344;3053.973;   0.013;   0.0;0.000;0.000;409.500;  0.000;  0.000;  0.000;0.0000;1.00;0.00;28.61;28.61;0.200;960.358;-5516.498;3053.973;90.00;0.000;28.608
 -4.00;914.144;-5524.344;3053.973;   0.013;   0.0;0.000;0.000;409.500;  0.000;  0.000;  0.000;0.0000;1.30;0.00;28.61;28.61;0.200;960.760;-5516.428;3053.973;90.00;0.000;28.608
 -3.00;914.144;-5524.344;3053.973;   0.013;   0.0;0.000;0.000;409.500;  0.000;  0.000;  0.000;0.0000;1.46;0.00;28.61;28.61;0.200;961.162;-5516.358;3053.973;90.00;0.000;28.608
 -2.00;914.144;-5524.344;3053.973;   0.012;   0.0;0.000;0.000;407.576; 13.218;  0.000;  0.000;0.8100;2.05;0.00;28.61;28.61;0.200;914.547;-5524.277;3053.973;90.00;0.000;28.608
 -1.00;914.144;-5524.344;3053.973;   0.012;   0.0;0.000;0.000;405.602; 26.698;  0.000;  0.000;0.8100;2.05;0.00;28.61;28.61;0.200;914.950;-5524.210;3053.973;90.00;0.000;28.608
 -0.00;914.144;-5524.344;3053.973;   0.012;   0.0;0.000;0.000;403.628; 40.243;  0.000;  0.000;0.8100;2.06;0.00;28.61;28.61;0.200;915.352;-5524.144;3053.973;90.00;0.000;28.608
  0.05;914.144;-5524.344;3053.973;   0.013;   0.0;0.000;0.000;403.480; 41.504;  0.000;  0.000;0.8100;1.39;61.39;28.61;90.00;0.200;914.144;-5524.344;3053.973;-90.00;0.000;28.608
  1.05;914.144;-5524.346;3053.974;   0.015;   3.9;0.000;0.009;401.506; 55.120;  0.000;  0.000;0.8100;1.39;0.21;89.79;90.00;0.200;914.547;-5524.279;3053.974;180.00;0.000;28.608
  2.05;914.145;-5524.351;3053.977;   0.020;   7.9;0.000;0.036;399.533; 68.805;  0.000;  0.000;0.8100;1.40;0.21;89.79;89.99;0.200;914.951;-5524.218;3053.977;180.00;0.000;28.608
  3.05;914.146;-5524.359;3053.982;   0.030;  11.8;0.000;0.082;397.559; 82.559;  0.000;  0.000;0.8100;1.41;0.21;89.79;89.99;0.200;915.355;-5524.159;3053.982;179.99;0.000;28.608
  4.05;914.148;-5524.371;3053.988;   0.044;  15.9;0.000;0.149;395.585; 96.385;  0.000;  0.000;0.8100;1.41;0.21;89.79;89.99;0.200;915.760;-5524.105;3053.988;179.99;0.000;28.608
  5.05;914.151;-5524.387;3053.997;   0.062;  20.0;0.000;0.237;393.612;110.283;  0.000;  0.000;0.8100;1.42;0.21;89.79;89.98;0.200;916.165;-5524.053;3053.997;179.99;0.000;28.608
  6.05;914.154;-5524.406;3054.007;   0.084;  24.2;0.000;0.347;391.638;124.255;  0.000;  0.000;0.8100;1.43;0.21;89.79;89.98;0.200;916.571;-5524.005;3054.007;179.99;0.000;28.608
  7.05;914.158;-5524.429;3054.020;   0.110;  28.5;0.000;0.481;389.664;138.303;  0.000;  0.000;0.8100;1.44;0.21;89.79;89.97;0.200;916.978;-5523.961;3054.020;179.99;0.000;28.608
  8.05;914.162;-5524.455;3054.034;   0.140;  32.8;0.000;0.638;387.691;152.429;  0.000;  0.000;0.8100;1.45;0.21;89.79;89.97;0.200;917.385;-5523.921;3054.034;179.98;0.000;28.608
  9.05;914.167;-5524.486;3054.051;   0.175;  37.3;0.001;0.820;385.717;166.634;  0.000;  0.000;0.8100;1.45;0.21;89.78;89.97;0.200;917.793;-5523.884;3054.051;179.98;0.000;28.608
 10.05;914.173;-5524.520;3054.070;   0.215;  41.8;0.001;1.029;383.743;180.920;  0.000;  0.000;0.8100;1.46;0.21;89.78;89.96;0.200;918.201;-5523.852;3054.070;179.98;0.000;28.608
 11.05;914.179;-5524.558;3054.091;   0.259;  46.4;0.001;1.263;381.769;195.288;  0.000;  0.000;0.8100;1.47;0.21;89.78;89.96;0.200;918.610;-5523.823;3054.091;179.98;0.000;28.608
 12.05;914.186;-5524.600;3054.114;   0.307;  51.0;0.001;1.525;379.796;209.741;  0.000;  0.000;0.8100;1.48;0.21;89.78;89.96;0.200;919.020;-5523.798;3054.114;179.98;0.000;28.608
 13.05;914.193;-5524.646;3054.139;   0.361;  55.8;0.001;1.816;377.822;224.279;  0.000;  0.000;0.8100;1.49;0.21;89.77;89.95;0.200;919.430;-5523.777;3054.139;179.97;0.000;28.608
 14.05;914.202;-5524.697;3054.167;   0.419;  60.7;0.002;2.135;375.848;238.906;  0.000;  0.000;0.8100;1.50;0.21;89.77;89.95;0.200;919.841;-5523.761;3054.167;179.97;0.000;28.608
 15.05;914.211;-5524.751;3054.197;   0.482;  65.6;0.002;2.484;373.875;253.622;  0.000;  0.000;0.8100;1.51;0.21;89.76;89.94;0.200;920.253;-5523.748;3054.197;179.97;0.000;28.608
 16.05;914.220;-5524.810;3054.229;   0.550;  70.6;0.002;2.862;371.901;268.430;  0.000;  0.000;0.8100;1.51;0.21;89.76;89.94;0.200;920.666;-5523.740;3054.229;179.97;0.000;28.608
 17.05;914.230;-5524.874;3054.264;   0.623;  75.7;0.002;3.272;369.927;283.331;  0.000;  0.000;0.8100;1.52;0.21;89.76;89.94;0.200;921.079;-5523.736;3054.264;179.97;0.000;28.608
 18.05;914.241;-5524.942;3054.301;   0.701;  81.0;0.003;3.712;367.953;298.328;  0.000;  0.000;0.8100;1.53;0.21;89.75;89.93;0.200;921.493;-5523.737;3054.301;179.96;0.000;28.608
 19.05;914.253;-5525.014;3054.341;   0.784;  86.3;0.003;4.184;365.980;313.421;  0.000;  0.000;0.8100;1.54;0.21;89.75;89.93;0.200;921.907;-5523.742;3054.341;179.96;0.000;28.608
 20.05;914.266;-5525.091;3054.383;   0.873;  91.7;0.003;4.688;364.006;328.614;  0.000;  0.000;0.8100;1.55;0.21;89.74;89.93;0.200;922.323;-5523.752;3054.383;179.96;0.000;28.608
 21.05;914.279;-5525.173;3054.428;   0.968;  97.2;0.004;5.224;362.032;343.908;  0.000;  0.000;0.8100;1.56;0.21;89.74;89.92;0.200;922.739;-5523.767;3054.428;179.96;0.000;28.608
 22.05;914.293;-5525.260;3054.475;   1.067; 102.8;0.004;5.792;360.059;359.305;  0.000;  0.000;0.8100;1.57;0.21;89.73;89.92;0.200;923.156;-5523.786;3054.475;179.96;0.000;28.608
 23.05;914.308;-5525.351;3054.526;   1.173; 108.5;0.005;6.392;358.085;374.806;  0.000;  0.000;0.8100;1.58;0.21;89.73;89.92;0.200;923.573;-5523.810;3054.526;179.95;0.000;28.608
 24.05;914.323;-5525.448;3054.579;   1.284; 114.3;0.005;7.023;356.111;390.415;  0.000;  0.000;0.8100;1.60;0.22;89.72;89.91;0.200;923.992;-5523.839;3054.579;179.95;0.000;28.608
 25.05;914.340;-5525.550;3054.634;   1.401; 120.2;0.006;7.686;354.137;406.132;  0.000;  0.000;0.8100;1.61;0.22;89.72;89.91;0.200;924.411;-5523.874;3054.634;179.95;0.000;28.608
 26.05;914.357;-5525.657;3054.693;   1.524; 126.3;0.006;8.380;352.164;421.960;  0.000;  0.000;0.8100;1.62;0.22;89.71;89.90;0.200;924.831;-5523.913;3054.693;179.95;0.000;28.608
 27.05;914.375;-5525.769;3054.755;   1.653; 132.4;0.007;9.104;350.190;437.901;  0.000;  0.000;0.8100;1.63;0.22;89.70;89.90;0.200;925.252;-5523.958;3054.755;179.95;0.000;28.608
 28.05;914.394;-5525.886;3054.819;   1.789; 138.7;0.008;9.858;348.216;453.957;  0.000;  0.000;0.8100;1.64;0.22;89.70;89.90;0.200;925.674;-5524.008;3054.819;179.94;0.000;28.608
 29.05;914.413;-5526.009;3054.886;   1.930; 145.0;0.009;10.640;346.243;470.129;  0.000;  0.000;0.8100;1.65;0.22;89.69;89.89;0.200;926.097;-5524.063;3054.886;179.94;0.000;28.608
 30.05;914.434;-5526.138;3054.957;   2.079; 151.5;0.009;11.450;344.269;486.420;  0.000;  0.000;0.8100;1.66;0.23;89.69;89.89;0.200;926.521;-5524.124;3054.957;179.94;0.000;28.608
 31.05;914.455;-5526.272;3055.031;   2.233; 158.0;0.010;12.272;342.335;502.736;  0.000;  0.000;0.7788;1.66;-1.38;89.74;88.85;0.200;926.946;-5524.191;3055.031;7.10;0.000;28.608
 32.05;914.478;-5526.412;3055.107;   2.394; 164.4;0.011;13.087;340.477;518.990;  0.000;  0.000;0.7477;1.65;-2.47;89.86;87.60;0.200;927.371;-5524.263;3055.107;6.77;0.000;28.608
 33.05;914.502;-5526.557;3055.187;   2.562; 170.8;0.011;13.890;338.695;535.179;  0.000;  0.000;0.7165;1.64;-3.46;89.76;86.34;0.200;927.799;-5524.340;3055.187;6.67;0.000;28.608
 34.05;914.529;-5526.707;3055.270;   2.735; 177.1;0.010;14.676;336.989;551.301;  0.000;  0.000;0.6854;1.64;-4.36;89.44;85.09;0.200;928.228;-5524.423;3055.270;6.62;0.000;28.608
 35.05;914.557;-5526.863;3055.356;   2.915; 183.2;0.009;15.441;335.359;567.355;  0.000;  0.000;0.6542;1.63;-5.20;89.03;83.83;0.200;928.660;-5524.511;3055.356;6.59;0.000;28.608
 36.05;914.587;-5527.023;3055.446;   3.102; 189.2;0.008;16.170;333.805;583.261;  0.000;  0.000;0.6231;1.60;-5.98;88.55;82.58;0.200;929.093;-5524.603;3055.446;6.57;0.000;28.608
 37.05;914.620;-5527.189;3055.538;   3.293; 195.0;0.010;16.841;332.326;598.929;  0.000;  0.000;0.5919;1.58;-6.72;88.04;81.32;0.200;929.530;-5524.701;3055.538;6.56;0.000;28.608
 38.05;914.656;-5527.358;3055.633;   3.491; 200.5;0.015;17.451;330.924;614.353;  0.000;  0.000;0.5608;1.55;-7.42;87.48;80.07;0.200;929.969;-5524.802;3055.633;6.54;0.000;28.608
 39.05;914.695;-5527.532;3055.730;   3.694; 205.7;0.024;17.997;329.597;629.527;  0.000;  0.000;0.5296;1.52;-8.08;86.89;78.81;0.200;930.411;-5524.908;3055.730;6.54;0.000;28.608
 40.05;914.737;-5527.709;3055.831;   3.901; 210.7;0.036;18.474;328.346;644.447;  0.000;  0.000;0.5000;1.50;-8.72;86.27;77.55;0.200;930.857;-5525.018;3055.831;6.53;0.000;28.608
 41.05;914.782;-5527.890;3055.933;   4.114; 215.4;0.051;18.900;327.128;659.218;  0.000;  0.000;0.5000;1.49;-9.34;85.63;76.30;0.200;931.305;-5525.130;3055.933;6.52;0.000;28.608
 42.05;914.831;-5528.074;3056.038;   4.331; 220.1;0.069;19.288;325.910;673.920;  0.000;  0.000;0.5000;1.48;-9.92;84.96;75.04;0.200;931.757;-5525.247;3056.038;6.52;0.000;28.608
 43.05;914.883;-5528.262;3056.146;   4.552; 224.7;0.090;19.638;324.691;688.551;  0.000;  0.000;0.5000;1.47;-10.49;84.27;73.79;0.200;932.213;-5525.366;3056.146;6.52;0.000;28.608
 44.05;914.939;-5528.452;3056.256;   4.778; 229.3;0.114;19.948;323.473;703.108;  0.000;  0.000;0.5000;1.46;-11.03;83.56;72.53;0.205;932.672;-5525.488;3056.256;6.51;0.000;28.608
 45.05;914.999;-5528.646;3056.368;   5.007; 233.7;0.141;20.219;322.255;717.590;  0.000;  0.000;0.5000;1.45;-11.55;82.83;71.28;0.209;933.136;-5525.613;3056.368;6.51;0.000;28.608
 46.05;915.062;-5528.842;3056.483;   5.241; 238.0;0.172;20.449;321.036;731.993;  0.000;  0.000;0.5000;1.44;-12.06;82.08;70.02;0.214;933.603;-5525.741;3056.483;6.51;0.000;28.608
 47.05;915.130;-5529.040;3056.599;   5.479; 242.3;0.207;20.639;319.818;746.315;  0.000;  0.000;0.5000;1.43;-12.55;81.32;68.77;0.220;934.075;-5525.871;3056.599;6.51;0.000;28.608
 48.05;915.203;-5529.241;3056.718;   5.720; 246.5;0.245;20.789;318.600;760.553;  0.000;  0.000;0.5000;1.41;-13.03;80.54;67.51;0.226;934.550;-5526.004;3056.718;6.50;0.000;28.608
 49.05;915.279;-5529.444;3056.839;   5.965; 250.5;0.288;20.898;317.381;774.705;  0.000;  0.000;0.5000;1.40;-13.50;79.76;66.26;0.233;935.031;-5526.138;3056.839;6.50;0.000;28.608
 50.05;915.360;-5529.649;3056.962;   6.213; 254.5;0.334;20.968;316.163;788.768;  0.000;  0.000;0.5000;1.39;-13.96;78.96;65.00;0.239;935.515;-5526.275;3056.962;6.50;0.000;28.608
 51.05;915.446;-5529.856;3057.086;   6.464; 258.5;0.385;21.017;314.945;802.834;  0.000;  0.000;0.5000;1.40;-13.60;78.15;64.55;0.247;936.005;-5526.413;3057.086;6.50;0.000;28.608
 52.05;915.536;-5530.065;3057.213;   6.718; 262.6;0.441;21.062;313.726;816.987;  0.000;  0.000;0.5000;1.41;-13.22;77.32;64.10;0.255;936.499;-5526.554;3057.213;6.50;0.000;28.609
 53.05;915.632;-5530.276;3057.342;   6.976; 266.9;0.501;21.105;312.508;831.228;  0.000;  0.000;0.5000;1.42;-12.82;76.47;63.65;0.264;936.998;-5526.696;3057.342;6.50;0.000;28.609
 54.05;915.733;-5530.488;3057.473;   7.237; 271.3;0.565;21.143;311.290;845.558;  0.000;  0.000;0.5000;1.43;-12.41;75.60;63.20;0.273;937.503;-5526.839;3057.473;6.49;0.000;28.609
 55.05;915.839;-5530.702;3057.605;   7.501; 275.9;0.635;21.177;310.071;859.976;  0.000;  0.000;0.5000;1.44;-11.98;74.73;62.75;0.283;938.013;-5526.985;3057.605;6.49;0.000;28.609
 56.05;915.951;-5530.918;3057.740;   7.769; 280.6;0.711;21.206;308.853;874.482;  0.000;  0.000;0.5000;1.45;-11.54;73.83;62.30;0.293;938.529;-5527.132;3057.740;6.49;0.000;28.609
 57.05;916.068;-5531.136;3057.877;   8.040; 285.4;0.792;21.229;307.635;889.079;  0.000;  0.000;0.5000;1.46;-11.08;72.93;61.85;0.304;939.051;-5527.281;3057.877;6.49;0.000;28.609
 58.05;916.192;-5531.355;3058.016;   8.315; 290.4;0.878;21.247;306.416;903.765;  0.000;  0.000;0.5000;1.47;-10.62;72.01;61.40;0.315;939.578;-5527.431;3058.016;6.49;0.000;28.609
 59.05;916.322;-5531.576;3058.158;   8.592; 295.6;0.971;21.258;305.198;918.541;  0.000;  0.000;0.5000;1.48;-10.14;71.09;60.95;0.327;940.113;-5527.583;3058.158;6.49;0.000;28.609
 60.05;916.459;-5531.799;3058.301;   8.873; 300.9;1.070;21.262;303.980;933.409;  0.000;  0.000;0.5000;1.49;-9.66;70.16;60.50;0.339;940.653;-5527.736;3058.301;6.49;0.000;28.609
 61.05;916.603;-5532.023;3058.447;   9.158; 306.4;1.175;21.258;302.761;948.367;  0.000;  0.000;0.5000;1.50;-9.17;69.22;60.05;0.352;941.201;-5527.891;3058.447;6.49;0.000;28.609
 62.05;916.753;-5532.249;3058.595;   9.446; 312.0;1.287;21.247;301.543;963.417;  0.000;  0.000;0.5000;1.51;-8.68;68.27;59.60;0.364;941.756;-5528.048;3058.595;6.48;0.000;28.609
 63.05;916.911;-5532.476;3058.745;   9.737; 317.8;1.406;21.227;300.325;978.559;  0.000;  0.000;0.5000;1.53;-8.18;67.33;59.15;0.377;942.317;-5528.205;3058.745;6.48;0.000;28.609
 64.05;917.076;-5532.704;3058.898;  10.032; 323.7;1.532;21.198;299.106;993.794;  0.000;  0.000;0.5000;1.54;-7.69;66.38;58.70;0.389;942.887;-5528.364;3058.898;6.48;0.000;28.610
 65.05;917.248;-5532.934;3059.053;  10.330; 329.9;1.665;21.161;297.888;1009.121;  0.000;  0.000;0.5000;1.55;-7.19;65.44;58.25;0.402;943.463;-5528.525;3059.053;6.48;0.000;28.610
 66.05;917.429;-5533.166;3059.210;  10.632; 336.3;1.806;21.126;296.670;1024.636;  0.000;  0.000;0.5000;1.57;-6.69;64.49;57.80;0.414;944.048;-5528.686;3059.210;6.48;0.000;28.610
 67.05;917.618;-5533.398;3059.370;  10.937; 343.0;1.955;21.105;295.451;1040.445;  0.000;  0.000;0.5000;1.60;-6.20;63.55;57.35;0.426;944.641;-5528.849;3059.370;6.48;0.000;28.610
 68.05;917.815;-5533.632;3059.532;  11.246; 350.2;2.111;21.097;294.233;1056.550;  0.000;  0.000;0.5000;1.64;-5.71;62.61;56.90;0.438;945.243;-5529.013;3059.532;6.48;0.000;28.610
 69.05;918.021;-5533.868;3059.697;  11.558; 357.7;2.277;21.101;293.015;1072.958;  0.000;  0.000;0.5000;1.67;-5.23;61.67;56.45;0.447;945.853;-5529.179;3059.697;6.48;0.000;28.610
 70.05;918.236;-5534.105;3059.865;  11.875; 365.6;2.450;21.117;291.796;1089.671;  0.000;  0.000;0.5000;1.70;-4.75;60.74;56.00;0.457;946.472;-5529.346;3059.865;6.48;0.000;28.610
 71.05;918.460;-5534.344;3060.035;  12.196; 373.9;2.633;21.143;290.578;1106.695;  0.000;  0.000;0.5000;1.73;-4.04;59.83;55.80;0.465;947.101;-5529.515;3060.035;6.47;0.000;28.611
 72.05;918.694;-5534.585;3060.209;  12.521; 382.6;2.826;21.180;289.360;1124.034;  0.000;  0.000;0.5000;1.76;-3.35;58.94;55.60;0.473;947.740;-5529.685;3060.209;6.47;0.000;28.611
 73.05;918.938;-5534.828;3060.386;  12.851; 391.7;3.027;21.226;288.141;1141.693;  0.000;  0.000;0.5000;1.79;-2.68;58.07;55.40;0.480;948.388;-5529.858;3060.386;6.47;0.000;28.611
 74.05;919.193;-5535.072;3060.566;  13.186; 401.3;3.239;21.282;286.923;1159.676;  0.000;  0.000;0.5000;1.83;-2.04;57.23;55.20;0.486;949.047;-5530.032;3060.566;6.47;0.000;28.611
 75.05;919.458;-5535.319;3060.749;  13.525; 411.2;3.461;21.349;285.705;1177.989;  0.000;  0.000;0.5000;1.86;-1.43;56.42;55.00;0.491;949.717;-5530.208;3060.749;6.47;0.000;28.611
 76.05;919.734;-5535.568;3060.936;  13.870; 421.5;3.693;21.427;284.486;1196.637;  0.000;  0.000;0.5000;1.89;-0.86;55.63;54.80;0.494;950.398;-5530.386;3060.936;6.47;0.000;28.612
 77.05;920.021;-5535.820;3061.126;  14.221; 432.3;3.936;20.624;283.268;1215.626;  0.000;  0.000;0.5000;1.93;-0.34;54.87;54.60;0.496;951.089;-5530.567;3061.126;6.47;0.000;28.612
 78.05;920.319;-5536.074;3061.321;  14.577; 443.5;4.190;20.517;282.050;1234.960;  0.000;  0.000;0.5000;1.97;0.33;54.14;54.40;0.496;951.793;-5530.750;3061.321;6.47;0.000;28.612
 79.05;920.629;-5536.331;3061.519;  14.939; 455.1;4.454;20.404;280.831;1254.645;  0.000;  0.000;0.5000;2.00;0.79;53.44;54.20;0.495;952.508;-5530.936;3061.519;6.46;0.000;28.612
 80.05;920.952;-5536.591;3061.721;  15.307; 467.1;4.730;20.282;279.613;1274.688;  0.000;  0.000;0.5000;2.04;1.25;52.76;54.00;0.492;953.235;-5531.124;3061.721;6.46;0.000;28.613
 81.05;921.286;-5536.854;3061.928;  15.682; 479.4;5.018;20.142;278.395;1294.979;  0.000;  0.000;0.5000;2.05;1.70;52.12;53.80;0.487;953.974;-5531.316;3061.928;6.46;0.000;28.613
 82.05;921.633;-5537.120;3062.139;  16.063; 492.0;5.318;19.972;277.176;1315.419;  0.000;  0.000;0.5000;2.07;2.12;51.49;53.60;0.480;954.726;-5531.510;3062.139;6.46;0.000;28.613
 83.05;921.993;-5537.389;3062.354;  16.451; 504.8;5.629;19.774;275.958;1336.010;  0.000;  0.000;0.5000;2.09;2.52;50.89;53.40;0.472;955.490;-5531.708;3062.354;6.46;0.000;28.613
 84.05;922.365;-5537.662;3062.573;  16.846; 517.8;5.953;19.549;274.740;1356.751;  0.000;  0.000;0.5000;2.10;2.90;50.31;53.20;0.463;956.268;-5531.908;3062.573;6.46;0.000;28.614
 85.05;922.750;-5537.937;3062.797;  17.248; 531.0;6.289;19.296;273.521;1377.647;  0.000;  0.000;0.5000;2.12;3.26;49.75;53.00;0.452;957.058;-5532.111;3062.797;6.46;0.000;28.614
 86.05;923.149;-5538.216;3063.026;  17.656; 544.4;6.637;19.018;272.303;1398.697;  0.000;  0.000;0.5000;2.13;3.60;49.21;52.80;0.441;957.862;-5532.318;3063.026;6.45;0.000;28.614
 87.05;923.561;-5538.498;3063.259;  18.071; 558.0;6.998;18.715;271.085;1419.904;  0.000;  0.000;0.5000;2.15;3.92;48.69;52.60;0.428;958.679;-5532.528;3063.259;6.45;0.000;28.615
 88.05;923.986;-5538.784;3063.496;  18.494; 571.9;7.371;18.389;269.866;1441.270;  0.000;  0.000;0.5000;2.17;4.22;48.18;52.40;0.415;959.509;-5532.740;3063.496;6.45;0.000;28.615
 89.05;924.425;-5539.072;3063.738;  18.923; 585.9;7.758;18.040;268.648;1462.797;  0.000;  0.000;0.5000;2.18;4.51;47.69;52.20;0.401;960.354;-5532.956;3063.738;6.45;0.000;28.615
 90.05;924.878;-5539.364;3063.985;  19.360; 600.2;8.158;17.670;267.430;1484.486;  0.000;  0.000;0.5000;2.20;4.78;47.22;52.00;0.387;961.212;-5533.175;3063.985;6.45;0.000;28.616
 91.05;925.344;-5539.660;3064.237;  19.803; 614.7;8.570;17.281;266.211;1506.340;  0.000;  0.000;0.5000;2.22;5.04;46.76;51.80;0.373;962.084;-5533.398;3064.237;6.45;0.000;28.616
 92.05;925.826;-5539.959;3064.493;  20.255; 629.5;8.997;15.879;264.993;1528.360;  0.000;  0.000;0.5000;2.24;5.28;46.32;51.60;0.361;962.971;-5533.623;3064.493;6.45;0.000;28.617
 93.05;926.321;-5540.261;3064.754;  20.713; 644.4;9.437;15.601;263.775;1550.549;  0.000;  0.000;0.5000;2.26;5.51;45.89;51.40;0.346;963.872;-5533.852;3064.754;6.45;0.000;28.617
 94.05;926.831;-5540.567;3065.021;  21.179; 659.6;9.891;15.305;262.556;1572.908;  0.000;  0.000;0.5000;2.27;5.73;45.48;51.20;0.331;964.787;-5534.084;3065.021;6.45;0.000;28.618
 95.05;927.356;-5540.876;3065.292;  21.653; 675.0;10.359;14.993;261.338;1595.440;  0.000;  0.000;0.5000;2.29;5.93;45.07;51.00;0.317;965.718;-5534.319;3065.292;6.44;0.000;28.618
 96.05;927.896;-5541.189;3065.568;  22.134; 690.6;10.841;14.665;260.120;1618.148;  0.000;  0.000;0.5000;2.31;6.12;44.68;50.80;0.303;966.664;-5534.558;3065.568;6.44;0.000;28.618
 97.05;928.451;-5541.505;3065.849;  22.623; 706.4;11.337;14.324;258.901;1641.032;  0.000;  0.000;0.5000;2.33;6.30;44.31;50.60;0.290;967.625;-5534.800;3065.849;6.44;0.000;28.619
 98.05;929.022;-5541.825;3066.135;  23.120; 722.5;11.848;13.969;257.683;1664.097;  0.000;  0.000;0.5000;2.35;6.46;43.94;50.40;0.276;968.601;-5535.045;3066.135;6.44;0.000;28.619
 99.05;929.608;-5542.149;3066.427;  23.625; 738.8;12.373;13.603;256.464;1687.344;  0.000;  0.000;0.5000;2.37;6.62;43.58;50.20;0.264;969.593;-5535.294;3066.427;6.44;0.000;28.620
100.05;930.209;-5542.476;3066.724;  24.138; 755.3;12.914;13.226;255.246;1710.775;  0.000;  0.000;0.5000;2.39;6.76;43.24;50.00;0.251;970.601;-5535.546;3066.724;6.44;0.000;28.620
101.05;930.827;-5542.807;3067.026;  24.659; 772.0;13.469;12.841;254.028;1734.394;  0.000;  0.000;0.5000;2.41;6.40;42.90;49.30;0.239;971.624;-5535.802;3067.026;6.43;0.000;28.621
102.05;931.461;-5543.142;3067.334;  25.189; 789.0;14.040;12.449;252.809;1758.203;  0.000;  0.000;0.5000;2.43;6.04;42.56;48.60;0.228;972.665;-5536.061;3067.334;6.43;0.000;28.622
103.05;932.112;-5543.480;3067.646;  25.726; 806.3;14.627;12.052;251.591;1782.204;  0.000;  0.000;0.5000;2.45;5.69;42.22;47.90;0.217;973.721;-5536.323;3067.646;6.43;0.000;28.622
104.05;932.779;-5543.822;3067.965;  26.271; 823.8;15.229;11.650;250.373;1806.401;  0.000;  0.000;0.5000;2.47;5.33;41.87;47.20;0.207;974.795;-5536.589;3067.965;6.42;0.000;28.623
105.05;933.464;-5544.167;3068.288;  26.825; 841.6;15.848;11.246;249.154;1830.796;  0.000;  0.000;0.5000;2.49;4.98;41.52;46.50;0.200;975.886;-5536.857;3068.288;6.42;0.000;28.623
106.05;934.166;-5544.515;3068.618;  27.387; 859.7;16.484;10.841;247.936;1855.392;  0.000;  0.000;0.5000;2.51;4.63;41.18;45.80;0.200;976.995;-5537.129;3068.618;6.42;0.000;28.624
107.05;934.886;-5544.867;3068.952;  27.956; 878.0;17.136;10.435;246.718;1880.192;  0.000;  0.000;0.5000;2.53;4.28;40.83;45.10;0.200;978.121;-5537.404;3068.952;6.42;0.000;28.625
108.05;935.624;-5545.221;3069.292;  28.534; 896.5;17.806;10.031;245.499;1905.200;  0.000;  0.000;0.5000;2.56;3.93;40.47;44.40;0.200;979.266;-5537.681;3069.292;6.41;0.000;28.625
109.05;936.381;-5545.579;3069.638;  29.119; 915.4;18.494;9.629;244.281;1930.418;  0.000;  0.000;0.5000;2.58;3.59;40.12;43.70;0.200;980.430;-5537.961;3069.638;6.41;0.000;28.626
110.05;937.157;-5545.939;3069.989;  29.713; 934.5;19.199;9.230;243.063;1955.851;  0.000;  0.000;0.5000;2.60;3.24;39.76;43.00;0.200;981.612;-5538.244;3069.989;6.41;0.000;28.627
111.05;937.952;-5546.302;3070.345;  30.314; 953.9;19.923;8.835;241.844;1981.500;  0.000;  0.000;0.5000;2.62;2.90;39.40;42.30;0.200;982.814;-5538.529;3070.345;6.40;0.000;28.627
112.05;938.766;-5546.668;3070.707;  30.923; 973.6;20.666;8.446;240.626;2007.370;  0.000;  0.000;0.5000;2.65;2.56;39.04;41.60;0.200;984.035;-5538.816;3070.707;6.40;0.000;28.628
113.05;939.600;-5547.036;3071.074;  31.539; 993.5;21.428;8.064;239.408;2033.465;  0.000;  0.000;0.5000;2.67;2.23;38.68;40.90;0.200;985.276;-5539.105;3071.074;6.40;0.000;28.629
114.05;940.455;-5547.406;3071.447;  32.164;1013.7;22.209;7.688;238.189;2059.787;  0.000;  0.000;0.5000;2.69;1.89;38.32;40.20;0.200;986.537;-5539.396;3071.447;6.40;0.000;28.629
115.05;941.330;-5547.778;3071.826;  32.796;1034.3;23.010;7.321;236.971;2086.341;  0.000;  0.000;0.5000;2.72;1.56;37.95;39.50;0.200;987.819;-5539.689;3071.826;6.39;0.000;28.630
116.05;942.226;-5548.152;3072.210;  33.435;1055.0;23.832;6.961;235.710;2113.047;  0.000;  0.000;0.5334;2.72;1.24;37.58;38.80;0.200;989.123;-5539.984;3072.210;6.39;0.000;28.631
117.05;943.143;-5548.528;3072.599;  34.081;1075.8;24.673;6.608;234.367;2139.772;  0.000;  0.000;0.5669;2.72;0.92;37.21;38.10;0.200;990.447;-5540.279;3072.599;6.39;0.000;28.632
118.05;944.082;-5548.905;3072.993;  34.735;1096.7;25.536;6.263;232.943;2166.515;  0.000;  0.000;0.6003;2.73;0.60;36.83;37.40;0.200;991.793;-5540.576;3072.993;6.39;0.000;28.633
119.05;945.042;-5549.283;3073.393;  35.395;1117.6;26.419;5.926;231.438;2193.276;  0.000;  0.000;0.6338;2.73;0.32;36.46;36.70;0.200;993.160;-5540.874;3073.393;6.38;0.000;28.633
120.05;946.023;-5549.663;3073.798;  36.062;1138.7;27.323;5.599;229.851;2220.051;  0.000;  0.000;0.6672;2.73;-0.22;36.08;36.00;0.200;994.549;-5541.172;3073.798;6.38;0.000;28.634
121.05;947.027;-5550.042;3074.208;  36.735;1159.7;28.248;5.283;228.182;2246.838;  0.000;  0.000;0.7007;2.73;-0.45;35.70;35.30;0.200;995.960;-5541.471;3074.208;6.38;0.000;28.635
122.05;948.053;-5550.423;3074.622;  37.415;1180.9;29.195;4.977;226.432;2273.637;  0.000;  0.000;0.7341;2.73;-0.75;35.32;34.60;0.200;997.393;-5541.769;3074.622;6.38;0.000;28.636
123.05;949.100;-5550.803;3075.042;  38.100;1202.1;30.164;4.683;224.600;2300.445;  0.000;  0.000;0.7676;2.73;-1.05;34.93;33.90;0.200;998.848;-5542.067;3075.042;6.38;0.000;28.637
124.05;950.170;-5551.183;3075.466;  38.790;1223.4;31.154;4.400;222.687;2327.260;  0.000;  0.000;0.8010;2.73;-1.36;34.55;33.20;0.200;1000.326;-5542.365;3075.466;6.37;0.000;28.638
125.05;951.263;-5551.563;3075.895;  39.486;1244.7;32.166;4.129;220.693;2354.079;  0.000;  0.000;0.8344;2.73;-1.68;34.16;32.50;0.200;1001.826;-5542.662;3075.895;6.37;0.000;28.639
126.05;952.378;-5551.942;3076.328;  40.187;1266.1;33.201;3.870;218.617;2380.902;  0.000;  0.000;0.8679;2.73;-1.99;33.78;31.80;0.200;1003.348;-5542.958;3076.328;6.37;0.000;28.640
127.05;953.516;-5552.320;3076.766;  40.893;1287.6;34.257;3.624;216.459;2407.726;  0.000;  0.000;0.9013;2.73;-2.30;33.39;31.10;0.200;1004.894;-5543.252;3076.766;6.37;0.000;28.641
128.05;954.676;-5552.697;3077.207;  41.603;1309.1;35.337;3.389;214.220;2434.548;  0.000;  0.000;0.9348;2.73;-2.61;33.00;30.40;0.200;1006.462;-5543.545;3077.207;6.36;0.000;28.642
129.05;955.860;-5553.073;3077.653;  42.318;1330.6;36.438;3.166;211.899;2461.367;  0.000;  0.000;0.9682;2.73;-2.92;32.61;29.70;0.200;1008.053;-5543.836;3077.653;6.36;0.000;28.643
130.05;957.066;-5553.446;3078.103;  43.036;1352.2;37.563;2.954;209.498;2488.178;  0.000;  0.000;1.0000;2.73;-3.23;32.22;29.00;0.200;1009.668;-5544.124;3078.103;6.36;0.000;28.644
131.05;958.296;-5553.818;3078.557;  43.758;1373.9;38.710;2.755;207.061;2515.092;  0.000;  0.000;1.0000;2.76;-3.53;31.83;28.30;0.200;1011.305;-5544.410;3078.557;6.36;0.000;28.645
132.05;959.549;-5554.187;3079.015;  44.484;1395.9;39.881;2.567;204.624;2542.246;  0.000;  0.000;1.0000;2.78;-3.84;31.43;27.60;0.200;1012.966;-5544.694;3079.015;6.36;0.000;28.646
133.05;960.826;-5554.554;3079.476;  45.213;1418.3;41.076;2.391;202.188;2569.645;  0.000;  0.000;1.0000;2.81;-4.15;31.04;26.90;0.200;1014.651;-5544.974;3079.476;6.36;0.000;28.647
134.05;962.128;-5554.917;3079.941;  45.946;1440.9;42.294;2.225;199.751;2597.292;  0.000;  0.000;1.0000;2.83;-4.45;30.64;26.20;0.200;1016.360;-5545.251;3079.941;6.35;0.000;28.649
135.05;963.453;-5555.278;3080.410;  46.681;1463.8;43.537;2.071;197.314;2625.194;  0.000;  0.000;1.0000;2.86;-4.76;30.25;25.50;0.200;1018.094;-5545.525;3080.410;6.35;0.000;28.650
136.05;964.804;-5555.636;3080.883;  47.419;1487.0;44.804;1.925;194.877;2653.353;  0.000;  0.000;1.0000;2.88;-5.06;29.85;24.80;0.200;1019.852;-5545.795;3080.883;6.35;0.000;28.651
137.05;966.180;-5555.990;3081.358;  48.160;1510.5;46.096;1.790;192.441;2681.776;  0.000;  0.000;1.0000;2.91;-5.36;29.45;24.10;0.200;1021.636;-5546.060;3081.358;6.35;0.000;28.652
138.05;967.581;-5556.340;3081.838;  48.904;1534.4;47.414;1.663;190.004;2710.466;  0.000;  0.000;1.0000;2.94;-5.66;29.06;23.40;0.200;1023.445;-5546.322;3081.838;6.35;0.000;28.653
139.05;969.008;-5556.686;3082.321;  49.650;1558.5;48.758;1.544;187.567;2739.429;  0.000;  0.000;1.0000;2.97;-5.96;28.66;22.70;0.200;1025.280;-5546.579;3082.321;6.34;0.000;28.655
140.05;970.461;-5557.028;3082.807;  50.397;1583.0;50.128;1.434;185.131;2768.671;  0.000;  0.000;1.0000;3.00;-6.26;28.25;22.00;0.200;1027.141;-5546.831;3082.807;6.34;0.000;28.656
141.05;971.941;-5557.365;3083.297;  51.147;1607.9;51.524;1.331;182.694;2798.196;  0.000;  0.000;1.0000;3.03;-5.37;27.87;22.50;0.200;1029.029;-5547.078;3083.297;6.08;0.000;28.657
142.05;973.448;-5557.698;3083.790;  51.899;1633.1;52.947;1.235;180.257;2828.010;  0.000;  0.000;1.0000;3.06;-4.98;27.49;22.51;0.200;1030.943;-5547.321;3083.790;6.07;0.000;28.659
143.05;974.981;-5558.027;3084.286;  52.654;1658.7;54.397;1.145;177.821;2858.119;  0.000;  0.000;1.0000;3.09;-4.60;27.13;22.53;0.200;1032.885;-5547.558;3084.286;6.06;0.000;28.660
144.05;976.542;-5558.351;3084.786;  53.411;1684.6;55.874;1.061;175.384;2888.529;  0.000;  0.000;1.0000;3.12;-4.23;26.77;22.55;0.200;1034.854;-5547.791;3084.786;6.05;0.000;28.661
145.05;978.131;-5558.671;3085.290;  54.171;1710.9;57.379;0.984;172.947;2919.245;  0.000;  0.000;1.0000;3.15;-3.87;26.43;22.56;0.200;1036.850;-5548.019;3085.290;6.04;0.000;28.663
146.05;979.748;-5558.987;3085.797;  54.933;1737.6;58.912;0.911;170.511;2950.275;  0.000;  0.000;1.0000;3.18;-3.52;26.10;22.58;0.200;1038.875;-5548.242;3085.797;6.03;0.000;28.664
147.05;981.393;-5559.299;3086.308;  55.699;1764.7;60.473;0.844;168.074;2981.623;  0.000;  0.000;1.0000;3.21;-3.18;25.78;22.60;0.200;1040.927;-5548.461;3086.308;6.02;0.000;28.666
148.05;983.066;-5559.607;3086.823;  56.467;1792.2;62.062;0.781;165.637;3013.298;  0.000;  0.000;1.0000;3.25;-2.85;25.47;22.62;0.200;1043.009;-5548.675;3086.823;6.01;0.000;28.667
149.05;984.768;-5559.911;3087.342;  57.239;1820.1;63.679;0.722;163.201;3045.305;  0.000;  0.000;1.0000;3.28;-2.53;25.17;22.63;0.200;1045.119;-5548.884;3087.342;6.01;0.000;28.669
150.05;986.492;-5560.210;3087.862;  58.011;1830.6;65.318;0.656;160.764;3059.969;  0.000;  0.000;1.0000;1.50;-2.24;24.90;22.65;0.200;1047.250;-5549.088;3087.862;6.00;0.000;28.670
151.05;988.228;-5560.503;3088.382;  58.780;1841.3;66.970;0.595;158.327;3074.703;  0.000;  0.000;1.0000;1.51;-2.13;24.63;22.50;0.200;1049.394;-5549.285;3088.382;6.00;0.000;28.672
152.05;989.976;-5560.790;3088.902;  59.545;1852.2;68.635;0.541;155.891;3089.509;  0.000;  0.000;1.0000;1.51;-2.02;24.36;22.34;0.200;1051.550;-5549.476;3088.902;6.00;0.000;28.673
153.05;991.738;-5561.070;3089.420;  60.307;1863.1;70.313;0.491;153.454;3104.387;  0.000;  0.000;1.0000;1.52;-1.92;24.10;22.19;0.200;1053.719;-5549.660;3089.420;6.00;0.000;28.675
154.05;993.517;-5561.345;3089.940;  61.068;1884.8;72.009;0.451;151.017;3130.009;  0.000;  0.000;1.0000;2.62;-1.80;23.83;22.03;0.200;1055.906;-5549.838;3089.940;6.00;0.000;28.676
155.05;995.319;-5561.614;3090.461;  61.830;1906.7;73.728;0.415;148.581;3155.848;  0.000;  0.000;1.0000;2.65;-1.69;23.56;21.88;0.200;1058.115;-5550.010;3090.461;6.00;0.000;28.678
156.05;997.144;-5561.879;3090.985;  62.592;1929.0;75.470;0.381;146.144;3181.909;  0.000;  0.000;1.0000;2.67;-1.58;23.30;21.72;0.200;1060.348;-5550.177;3090.985;6.00;0.000;28.680
157.05;998.993;-5562.138;3091.511;  63.355;1951.5;77.236;0.350;143.707;3208.194;  0.000;  0.000;1.0000;2.69;-1.48;23.04;21.57;0.200;1062.605;-5550.338;3091.511;6.00;0.000;28.681
158.05;1000.865;-5562.393;3092.040;  64.119;1974.2;79.026;0.322;141.271;3234.708;  0.000;  0.000;1.0000;2.72;-1.39;22.79;21.41;0.200;1064.885;-5550.493;3092.040;6.00;0.000;28.683
159.05;1002.762;-5562.642;3092.570;  64.883;1997.3;80.839;0.296;138.834;3261.455;  0.000;  0.000;1.0000;2.74;-1.29;22.54;21.26;0.200;1067.189;-5550.642;3092.570;6.00;0.000;28.685
160.05;1004.683;-5562.886;3093.103;  65.649;2020.6;82.677;0.272;136.397;3288.439;  0.000;  0.000;1.0000;2.76;-1.20;22.30;21.10;0.200;1069.517;-5550.786;3093.103;6.00;0.000;28.686
161.05;1006.628;-5563.125;3093.639;  66.416;2044.2;84.539;0.250;133.961;3315.664;  0.000;  0.000;1.0000;2.79;-1.12;22.06;20.95;0.200;1071.870;-5550.924;3093.639;6.00;0.000;28.688
162.05;1008.598;-5563.358;3094.177;  67.184;2068.1;86.426;0.229;131.524;3343.134;  0.000;  0.000;1.0000;2.81;-1.04;21.82;20.79;0.200;1074.247;-5551.056;3094.177;6.00;0.000;28.690
163.05;1010.593;-5563.586;3094.717;  67.952;2092.2;88.338;0.211;129.087;3370.854;  0.000;  0.000;1.0000;2.84;-0.97;21.58;20.64;0.200;1076.650;-5551.182;3094.717;6.00;0.000;28.691
164.05;1012.614;-5563.809;3095.260;  68.722;2116.7;90.275;0.193;126.651;3398.829;  0.000;  0.000;1.0000;2.87;-0.89;21.35;20.48;0.200;1079.078;-5551.302;3095.260;6.00;0.000;28.693
165.05;1014.660;-5564.026;3095.805;  69.493;2141.5;92.238;0.178;124.214;3427.063;  0.000;  0.000;1.0000;2.89;-0.83;21.13;20.33;0.200;1081.531;-5551.415;3095.805;6.00;0.000;28.695
166.05;1016.731;-5564.237;3096.353;  70.265;2166.5;94.227;0.163;121.777;3455.561;  0.000;  0.000;1.0000;2.92;-0.77;20.91;20.17;0.200;1084.010;-5551.523;3096.353;6.00;0.000;28.697
167.05;1018.829;-5564.444;3096.903;  71.038;2191.9;96.241;0.150;119.340;3484.328;  0.000;  0.000;1.0000;2.95;-0.71;20.69;20.02;0.200;1086.515;-5551.625;3096.903;6.00;0.000;28.699
168.05;1020.953;-5564.644;3097.457;  71.813;2217.6;98.282;0.137;116.904;3513.369;  0.000;  0.000;1.0000;2.98;-0.66;20.47;19.86;0.200;1089.046;-5551.720;3097.457;6.00;0.000;28.700
169.05;1023.104;-5564.839;3098.012;  72.589;2243.5;100.349;0.126;114.467;3542.690;  0.000;  0.000;1.0000;3.01;-0.61;20.26;19.71;0.200;1091.604;-5551.809;3098.012;6.00;0.000;28.702
170.05;1025.281;-5565.028;3098.571;  73.366;2269.8;102.443;0.116;112.030;3572.295;  0.000;  0.000;1.0000;3.03;-0.56;20.05;19.55;0.200;1094.188;-5551.891;3098.571;6.00;0.000;28.704
171.05;1027.486;-5565.211;3099.132;  74.144;2296.5;104.564;0.106;109.594;3602.191;  0.000;  0.000;1.0000;3.06;-0.53;19.85;19.40;0.200;1096.800;-5551.967;3099.132;6.00;0.000;28.706
172.00;1029.606;-5565.380;3099.668;  74.885;2322.1;106.604;0.098;107.279;3630.867;  0.000;  0.000;1.0000;3.09;-0.49;19.65;19.25;0.200;1099.306;-5552.034;3099.668;6.00;0.000;28.708
173.00;1031.865;-5565.552;3100.235;  75.666;2349.3;108.779;0.089;104.842;3661.346;  0.000;  0.000;1.0000;3.12;-0.46;19.46;19.09;0.200;1101.972;-5552.097;3100.235;6.00;0.000;28.710
174.00;1034.151;-5565.718;3100.804;  76.449;2377.0;110.982;0.082;102.406;3692.133;  0.000;  0.000;1.0000;3.16;-0.44;19.26;18.94;0.200;1104.665;-5552.154;3100.804;6.00;0.000;28.712
175.00;1036.467;-5565.878;3101.377;  77.234;2404.9;113.212;0.075;99.969;3723.235;  0.000;  0.000;1.0000;3.19;-0.42;19.07;18.78;0.200;1107.387;-5552.204;3101.377;6.00;0.000;28.714
176.00;1038.810;-5566.032;3101.952;  78.020;2433.2;115.472;0.069;97.532;3754.657;  0.000;  0.000;1.0000;3.22;-0.41;18.88;18.63;0.200;1110.138;-5552.247;3101.952;6.00;0.000;28.716
177.00;1041.183;-5566.180;3102.530;  78.807;2461.9;117.760;0.063;95.096;3786.406;  0.000;  0.000;1.0000;3.26;-0.40;18.69;18.47;0.200;1112.917;-5552.283;3102.530;6.00;0.000;28.718
178.00;1043.585;-5566.322;3103.112;  79.597;2490.9;120.078;0.058;92.659;3818.490;  0.000;  0.000;1.0000;3.29;-0.39;18.51;18.32;0.200;1115.726;-5552.313;3103.112;6.00;0.000;28.720
179.00;1046.017;-5566.458;3103.696;  80.388;2520.3;122.425;0.053;90.222;3850.915;  0.000;  0.000;1.0000;3.33;-0.39;18.33;18.16;0.200;1118.564;-5552.335;3103.696;6.00;0.000;28.722
180.00;1048.479;-5566.587;3104.284;  81.181;2550.1;124.802;0.048;87.786;3883.689;  0.000;  0.000;1.0000;3.36;-0.39;18.15;18.01;0.200;1121.433;-5552.350;3104.284;6.00;0.000;28.724
181.00;1050.972;-5566.710;3104.875;  81.976;2580.3;127.210;0.044;85.349;3916.819;  0.000;  0.000;1.0000;3.40;0.69;17.98;18.67;0.200;1124.331;-5552.359;3104.875;5.63;0.000;28.726
182.00;1053.495;-5566.827;3105.469;  82.773;2610.8;129.647;0.041;82.912;3950.314;  0.000;  0.000;1.0000;3.44;0.87;17.82;18.69;0.200;1127.261;-5552.360;3105.469;5.62;0.000;28.728
183.00;1056.048;-5566.938;3106.066;  83.572;2637.3;132.115;0.037;80.795;3979.714;  0.000;  0.000;0.7500;2.60;1.06;17.66;18.72;0.200;1130.220;-5552.355;3106.066;5.61;0.000;28.730
184.00;1058.753;-5567.048;3106.694;  84.412;2655.6;134.730;0.033;79.288;4000.828;  0.000;  0.000;0.0000;1.75;1.25;17.50;18.75;0.200;1133.351;-5552.342;3106.694;5.59;0.000;28.733
185.00;1061.338;-5567.145;3107.291;  85.206;2653.4;137.230;0.030;79.288;4000.828;  0.000;  0.000;0.0000;0.00;1.43;17.34;18.77;0.200;1136.342;-5552.322;3107.291;5.58;0.000;28.735
186.00;1063.922;-5567.235;3107.883;  85.993;2650.6;139.729;0.027;79.288;4000.828;  0.000;  0.000;0.0000;0.00;1.63;17.18;18.80;0.200;1139.332;-5552.293;3107.883;5.56;0.000;28.737
187.00;1066.504;-5567.316;3108.470;  86.771;2647.8;142.228;0.000;79.288;4000.828;  0.000;  0.000;0.0000;0.00;1.82;17.01;18.83;0.200;1142.320;-5552.257;3108.470;5.55;0.000;28.739
188.00;1069.084;-5567.390;3109.052;  87.540;2644.7;144.726;0.000;79.288;4000.828;  0.000;  0.000;0.0000;0.00;2.03;16.82;18.85;0.200;1145.306;-5552.211;3109.052;5.54;0.000;28.741
189.00;1071.663;-5567.455;3109.630;  88.301;2642.0;147.223;0.000;79.288;4000.828;  0.000;  0.000;0.0000;0.00;2.23;16.65;18.88;0.200;1148.290;-5552.157;3109.630;5.52;0.000;28.743
190.00;1074.241;-5567.512;3110.203;  89.054;2639.3;149.720;0.000;79.288;4000.828;  0.000;  0.000;0.0000;0.00;2.42;16.48;18.90;0.200;1151.273;-5552.095;3110.203;5.51;0.000;28.746
191.00;1076.816;-5567.562;3110.771;  89.798;2636.6;152.215;0.000;79.288;4000.828;  0.000;  0.000;0.0000;0.00;2.61;16.32;18.93;0.200;1154.254;-5552.025;3110.771;5.49;0.000;28.748
192.00;1079.390;-5567.604;3111.335;  90.534;2634.0;154.711;0.000;79.288;4000.828;  0.000;  0.000;0.0000;0.00;2.81;16.15;18.96;0.200;1157.233;-5551.947;3111.335;5.48;0.000;28.750
193.00;1081.963;-5567.638;3111.894;  91.262;2631.3;157.205;0.000;79.288;4000.828;  0.000;  0.000;0.0000;0.00;3.00;15.98;18.98;0.200;1160.211;-5551.860;3111.894;5.46;0.000;28.752
194.00;1084.534;-5567.664;3112.449;  91.982;2628.7;159.699;0.000;79.288;4000.828;  0.000;  0.000;0.0000;0.00;3.20;15.81;19.01;0.200;1163.187;-5551.766;3112.449;5.45;0.000;28.754
195.00;1087.103;-5567.683;3112.999;  92.694;2626.2;162.192;0.000;79.288;4000.828;  0.000;  0.000;0.0000;0.00;17.59;15.64;33.22;0.200;1166.161;-5551.663;3112.999;5.80;0.000;28.756
196.00;1089.671;-5567.693;3113.545;  93.398;2623.6;164.685;0.000;79.288;4000.828;  0.000;  0.000;0.0000;0.00;33.56;15.47;49.02;0.200;1169.133;-5551.552;3113.545;6.37;0.000;28.758
197.00;1092.237;-5567.696;3114.086;  94.093;2621.1;167.177;0.000;79.288;4000.828;  0.000;  0.000;0.0000;0.00;49.53;15.30;64.80;0.200;1172.104;-5551.433;3114.086;7.47;0.000;28.760
198.00;1094.801;-5567.691;3114.622;  94.780;2618.6;169.668;0.000;79.288;4000.828;  0.000;  0.000;0.0000;0.00;65.50;15.13;80.56;0.200;1175.073;-5551.305;3114.622;11.90;0.000;28.762
199.00;1097.364;-5567.679;3115.154;  95.459;2616.2;172.159;0.000;79.288;4000.828;  0.000;  0.000;0.0000;0.00;81.47;14.96;83.48;0.200;1178.040;-5551.170;3115.154;175.09;0.000;28.764
200.00;1099.925;-5567.658;3115.681;  96.130;2613.7;174.649;0.000;79.288;4000.828;  0.000;  0.000;0.0000;0.00;-82.56;14.79;67.75;0.200;1181.005;-5551.026;3115.681;-177.71;0.000;28.766
201.00;1102.485;-5567.630;3116.204;  96.793;2611.3;177.139;0.000;79.288;4000.828;  0.000;  0.000;0.0000;0.00;-66.59;14.62;51.96;0.200;1183.969;-5550.874;3116.204;-176.39;0.000;28.769
202.00;1105.043;-5567.594;3116.722;  97.447;2608.9;179.628;0.000;79.288;4000.828;  0.000;  0.000;0.0000;0.00;-50.62;14.44;36.17;0.200;1186.931;-5550.714;3116.722;-175.77;0.000;28.771
203.00;1107.599;-5567.550;3117.235;  98.093;2606.6;182.116;0.000;79.288;4000.828;  0.000;  0.000;0.0000;0.00;-34.65;14.27;20.38;0.200;1189.892;-5550.546;3117.235;-175.36;0.000;28.773
204.00;1110.410;-5567.493;3117.795;  98.795;2604.3;184.853;0.000;79.269;4001.367;  0.000;  0.000;0.9200;0.00;-17.08;14.08;3.00;0.200;1193.146;-5550.352;3117.795;-175.00;0.000;28.775
205.00;1112.960;-5567.434;3118.299;  99.425;2595.0;187.337;0.000;79.020;4008.563;  0.000;  0.000;0.9200;0.74;-16.67;13.96;2.71;0.200;1196.099;-5550.168;3118.299;-175.16;0.000;28.777
206.00;1115.628;-5567.367;3118.823; 100.077;2585.8;189.936;0.000;78.732;4016.895;  0.000;  0.000;0.9500;0.74;-16.51;13.82;2.68;0.200;1199.191;-5549.968;3118.823;-175.17;0.000;28.779
207.00;1118.153;-5567.298;3119.316; 100.692;2561.8;192.398;0.000;77.961;4039.357;  0.000;  0.000;0.9500;2.30;-16.45;13.79;2.66;0.200;1202.120;-5549.774;3119.316;-175.19;0.000;28.781
208.00;1120.656;-5567.228;3119.804; 101.299;2537.9;194.836;0.000;77.189;4061.986;  0.000;  0.000;0.9500;2.32;-16.39;13.76;2.63;0.200;1205.026;-5549.579;3119.804;-175.20;0.000;28.783
209.00;1123.135;-5567.157;3120.286; 101.899;2513.7;197.252;0.000;76.417;4084.784;  0.000;  0.000;0.9500;2.33;-16.33;13.72;2.61;0.200;1207.908;-5549.382;3120.286;-175.22;0.000;28.785
210.00;1125.590;-5567.084;3120.762; 102.491;2489.5;199.644;0.000;75.646;4107.755;  0.000;  0.000;0.9500;2.35;-16.27;13.69;2.58;0.200;1210.767;-5549.183;3120.762;-175.23;0.000;28.787
211.00;1128.022;-5567.009;3121.233; 103.077;2465.0;202.014;0.000;74.874;4130.899;  0.000;  0.000;0.9500;2.37;-16.21;13.65;2.56;0.200;1213.602;-5548.983;3121.233;-175.24;0.000;28.789
212.00;1130.429;-5566.934;3121.698; 103.655;2440.4;204.360;0.000;74.102;4154.221;  0.000;  0.000;0.9500;2.39;-16.15;13.62;2.53;0.200;1216.412;-5548.781;3121.698;-175.26;0.000;28.791
213.00;1132.813;-5566.857;3122.157; 104.226;2415.6;206.683;0.000;73.331;4177.723;  0.000;  0.000;0.9500;2.41;-16.10;13.58;2.51;0.200;1219.199;-5548.579;3122.157;-175.27;0.000;28.792
214.00;1135.172;-5566.778;3122.610; 104.790;2390.6;208.982;0.000;72.559;4201.407;  0.000;  0.000;0.9500;2.43;-16.04;13.55;2.48;0.200;1221.962;-5548.374;3122.610;-175.28;0.000;28.794
215.00;1137.507;-5566.699;3123.058; 105.347;2365.4;211.257;0.000;71.788;4225.277;  0.000;  0.000;0.9500;2.44;-15.98;13.51;2.46;0.200;1224.699;-5548.169;3123.058;-175.30;0.000;28.796
216.00;1139.817;-5566.618;3123.500; 105.896;2340.1;213.508;0.000;71.016;4249.335;  0.000;  0.000;0.9500;2.46;-15.92;13.48;2.44;0.200;1227.413;-5547.963;3123.500;-175.31;0.000;28.798
217.00;1142.103;-5566.536;3123.936; 106.438;2314.6;215.735;0.000;70.244;4273.585;  0.000;  0.000;0.9500;2.48;-15.86;13.44;2.41;0.200;1230.101;-5547.755;3123.935;-175.32;0.000;28.800
218.00;1144.363;-5566.453;3124.366; 106.972;2288.9;217.938;0.000;69.473;4298.029;  0.000;  0.000;0.9500;2.50;-15.80;13.41;2.39;0.200;1232.764;-5547.546;3124.366;-175.33;0.000;28.801
219.00;1146.598;-5566.369;3124.790; 107.499;2263.0;220.116;0.000;68.701;4322.671;  0.000;  0.000;0.9500;2.52;-15.74;13.37;2.37;0.200;1235.402;-5547.337;3124.790;-175.35;0.000;28.803
220.00;1148.808;-5566.284;3125.208; 108.019;2236.9;222.269;0.000;67.930;4347.514;  0.000;  0.000;0.9500;2.54;-15.68;13.33;2.34;0.200;1238.015;-5547.126;3125.208;-175.36;0.000;28.805
221.00;1150.992;-5566.198;3125.621; 108.531;2210.6;224.398;0.000;67.158;4372.561;  0.000;  0.000;0.9500;2.57;-15.62;13.30;2.32;0.200;1240.602;-5546.915;3125.621;-175.37;0.000;28.807
222.00;1153.150;-5566.111;3126.028; 109.036;2184.1;226.501;0.000;66.386;4397.816;  0.000;  0.000;0.9500;2.59;-15.56;13.26;2.30;0.200;1243.163;-5546.702;3126.028;-175.39;0.000;28.808
223.00;1155.283;-5566.023;3126.429; 109.533;2157.4;228.579;0.000;65.615;4423.282;  0.000;  0.000;0.9500;2.61;-15.50;13.22;2.27;0.200;1245.698;-5546.489;3126.429;-175.40;0.000;28.810
224.00;1157.389;-5565.935;3126.824; 110.023;2130.5;230.632;0.000;64.843;4448.962;  0.000;  0.000;0.9500;2.63;-15.44;13.19;2.25;0.200;1248.207;-5546.276;3126.824;-175.41;0.000;28.811
225.00;1159.468;-5565.846;3127.213; 110.505;2103.4;232.659;0.000;64.071;4474.860;  0.000;  0.000;0.9500;2.65;-15.39;13.15;2.23;0.200;1250.689;-5546.061;3127.213;-175.42;0.000;28.813
226.00;1161.521;-5565.756;3127.596; 110.980;2076.1;234.660;0.000;63.300;4500.981;  0.000;  0.000;0.9500;2.68;-15.33;13.11;2.21;0.200;1253.145;-5545.846;3127.596;-175.43;0.000;28.815
227.00;1163.548;-5565.666;3127.974; 111.448;2048.5;236.635;0.000;62.528;4527.328;  0.000;  0.000;0.9500;2.70;-15.27;13.07;2.19;0.200;1255.574;-5545.631;3127.974;-175.45;0.000;28.816
228.00;1165.547;-5565.575;3128.345; 111.907;2020.8;238.584;0.000;61.757;4553.904;  0.000;  0.000;0.9500;2.72;-15.21;13.04;2.17;0.200;1257.975;-5545.415;3128.345;-175.46;0.000;28.818
229.00;1167.518;-5565.483;3128.711; 112.360;1992.8;240.506;0.000;60.985;4580.714;  0.000;  0.000;0.9500;2.75;-15.15;13.00;2.15;0.200;1260.350;-5545.199;3128.711;-175.47;0.000;28.819
230.00;1169.463;-5565.391;3129.070; 112.804;1964.5;242.401;0.000;60.213;4607.762;  0.000;  0.000;0.9500;2.77;-15.09;12.96;2.13;0.200;1262.697;-5544.983;3129.070;-175.48;0.000;28.821
231.00;1171.379;-5565.299;3129.424; 113.241;1936.1;244.269;0.000;59.442;4635.052;  0.000;  0.000;0.9500;2.80;-15.03;12.92;2.10;0.200;1265.016;-5544.766;3129.424;-175.49;0.000;28.822
232.00;1173.268;-5565.206;3129.772; 113.670;1907.4;246.111;0.000;58.670;4662.589;  0.000;  0.000;0.9500;2.82;-14.98;12.89;2.08;0.200;1267.307;-5544.549;3129.772;-175.50;0.000;28.823
233.00;1175.128;-5565.114;3130.113; 114.092;1878.4;247.924;0.000;57.899;4690.377;  0.000;  0.000;0.9500;2.85;-14.92;12.85;2.06;0.200;1269.569;-5544.332;3130.113;-175.51;0.000;28.825
234.00;1176.960;-5565.021;3130.449; 114.506;1849.2;249.710;0.000;57.127;4718.421;  0.000;  0.000;0.9500;2.87;-14.86;12.81;2.04;0.200;1271.803;-5544.116;3130.449;-175.52;0.000;28.826
235.00;1178.763;-5564.927;3130.779; 114.912;1819.8;251.468;0.000;56.355;4746.725;  0.000;  0.000;0.9500;2.90;-14.80;12.77;2.03;0.200;1274.009;-5543.899;3130.779;-175.53;0.000;28.827
236.00;1180.537;-5564.834;3131.103; 115.311;1790.1;253.198;0.000;55.584;4775.295;  0.000;  0.000;0.9500;2.93;-14.75;12.73;2.01;0.200;1276.185;-5543.682;3131.103;-175.54;0.000;28.829
237.00;1182.281;-5564.741;3131.420; 115.702;1760.1;254.900;0.000;54.812;4804.135;  0.000;  0.000;0.9500;2.96;-14.69;12.70;1.99;0.200;1278.332;-5543.466;3131.420;-175.56;0.000;28.830
238.00;1183.997;-5564.648;3131.732; 116.085;1729.9;256.573;0.000;54.041;4833.250;  0.000;  0.000;0.9500;2.98;-14.63;12.66;1.97;0.200;1280.450;-5543.250;3131.732;-175.57;0.000;28.831
239.00;1185.682;-5564.555;3132.038; 116.460;1699.4;258.217;0.000;53.269;4862.647;  0.000;  0.000;0.9500;3.01;-14.58;12.62;1.95;0.200;1282.538;-5543.034;3132.038;-175.58;0.000;28.833
240.00;1187.337;-5564.463;3132.337; 116.828;1668.6;259.831;0.000;52.497;4892.330;  0.000;  0.000;0.9500;3.04;-14.52;12.58;1.93;0.200;1284.596;-5542.819;3132.337;-175.59;0.000;28.834
241.00;1188.963;-5564.371;3132.631; 117.187;1637.6;261.417;0.000;51.726;4922.304;  0.000;  0.000;0.9500;3.07;-14.47;12.55;1.91;0.200;1286.623;-5542.605;3132.631;-175.60;0.000;28.835
242.00;1190.557;-5564.279;3132.918; 117.539;1606.2;262.972;0.000;50.954;4952.577;  0.000;  0.000;0.9500;3.10;-14.41;12.51;1.90;0.200;1288.620;-5542.391;3132.918;-175.61;0.000;28.836
243.00;1192.120;-5564.187;3133.199; 117.884;1574.5;264.497;0.000;50.182;4983.153;  0.000;  0.000;0.9500;3.13;-14.36;12.47;1.88;0.200;1290.585;-5542.178;3133.199;-175.61;0.000;28.837
244.00;1193.653;-5564.096;3133.474; 118.220;1542.6;265.992;0.000;49.411;5014.040;  0.000;  0.000;0.9500;3.17;-14.31;12.44;1.86;0.200;1292.520;-5541.966;3133.474;-175.62;0.000;28.839
245.00;1195.153;-5564.006;3133.743; 118.548;1510.3;267.457;0.000;48.639;5045.242;  0.000;  0.000;0.9500;3.20;-14.25;12.40;1.85;0.200;1294.423;-5541.754;3133.743;-175.63;0.000;28.840
246.00;1196.622;-5563.917;3134.006; 118.869;1477.8;268.890;0.000;47.868;5076.768;  0.000;  0.000;0.9500;3.23;-14.20;12.36;1.83;0.200;1296.294;-5541.544;3134.006;-175.64;0.000;28.841
247.00;1198.059;-5563.828;3134.263; 119.181;1444.9;270.292;0.000;47.096;5108.623;  0.000;  0.000;0.9500;3.27;-14.15;12.33;1.81;0.200;1298.133;-5541.335;3134.263;-175.65;0.000;28.842
248.00;1199.463;-5563.740;3134.513; 119.486;1411.7;271.663;0.000;46.324;5140.814;  0.000;  0.000;0.9500;3.30;-14.10;12.29;1.80;0.200;1299.939;-5541.127;3134.513;-175.66;0.000;28.843
249.00;1200.835;-5563.653;3134.757; 119.783;1378.1;273.002;0.000;45.553;5173.349;  0.000;  0.000;0.9500;3.34;-14.05;12.26;1.78;0.200;1301.713;-5540.920;3134.757;-175.67;0.000;28.844
250.00;1202.173;-5563.567;3134.996; 120.071;1344.2;274.308;0.000;44.781;5206.236;  0.000;  0.000;0.9500;3.37;-14.00;12.23;1.77;0.200;1303.454;-5540.715;3134.995;-175.68;0.000;28.845
251.00;1203.478;-5563.483;3135.227; 120.352;1310.0;275.582;0.000;44.010;5239.481;  0.000;  0.000;0.9500;3.41;-13.95;12.19;1.75;0.200;1305.161;-5540.512;3135.227;-175.69;0.000;28.846
252.00;1204.749;-5563.399;3135.453; 120.625;1275.4;276.823;0.000;43.238;5273.093;  0.000;  0.000;0.9500;3.45;-13.91;12.16;1.74;0.200;1306.834;-5540.310;3135.453;-175.69;0.000;28.847
253.00;1205.986;-5563.317;3135.672; 120.890;1240.4;278.031;0.000;42.466;5307.080;  0.000;  0.000;0.9500;3.49;-13.87;12.13;1.72;0.200;1308.473;-5540.109;3135.672;-175.70;0.000;28.848
254.00;1207.188;-5563.236;3135.885; 121.147;1205.1;279.205;0.000;41.695;5341.450;  0.000;  0.000;0.9500;3.53;-13.82;12.10;1.71;0.200;1310.078;-5539.911;3135.885;-175.71;0.000;28.849
255.00;1208.355;-5563.157;3136.092; 121.396;1169.3;280.345;0.000;40.923;5376.212;  0.000;  0.000;0.9500;3.57;-13.78;12.08;1.69;0.200;1311.647;-5539.714;3136.092;-175.72;0.000;28.849
256.00;1209.487;-5563.080;3136.292; 121.637;1133.2;281.451;0.000;40.151;5411.375;  0.000;  0.000;0.9500;3.61;-13.75;12.05;1.68;0.200;1313.182;-5539.520;3136.292;-175.72;0.000;28.850
257.00;1210.584;-5563.004;3136.486; 121.869;1096.7;282.522;0.000;39.380;5446.949;  0.000;  0.000;0.9500;3.65;-13.71;12.03;1.67;0.200;1314.680;-5539.328;3136.486;-175.73;0.000;28.851
258.00;1211.644;-5562.930;3136.673; 122.094;1059.8;283.558;0.000;38.608;5482.943;  0.000;  0.000;0.9500;3.69;-13.68;12.01;1.65;0.200;1316.143;-5539.138;3136.673;-175.74;0.000;28.852
259.00;1212.668;-5562.858;3136.855; 122.311;1022.5;284.558;0.000;37.837;5519.367;  0.000;  0.000;0.9500;3.74;-13.65;11.99;1.64;0.200;1317.569;-5538.951;3136.855;-175.75;0.000;28.853
260.00;1213.654;-5562.788;3137.029; 122.519; 984.7;285.522;0.000;37.065;5556.232;  0.000;  0.000;0.9500;3.78;-13.62;11.98;1.63;0.200;1318.958;-5538.766;3137.029;-175.75;0.000;28.853
261.00;1214.604;-5562.720;3137.198; 122.720; 946.5;286.450;0.000;36.293;5593.549;  0.000;  0.000;0.9500;3.83;-13.60;11.97;1.62;0.200;1320.310;-5538.584;3137.197;-175.76;0.000;28.854
262.00;1215.515;-5562.654;3137.359; 122.912; 907.8;287.340;0.000;35.522;5631.328;  0.000;  0.000;0.9500;3.88;-13.59;11.96;1.60;0.200;1321.624;-5538.405;3137.359;-175.77;0.000;28.855
263.00;1216.389;-5562.591;3137.515; 123.097; 868.7;288.194;0.000;34.750;5669.581;  0.000;  0.000;0.9500;3.93;-13.58;11.96;1.59;0.200;1322.900;-5538.228;3137.515;-175.77;0.000;28.856
264.00;1217.223;-5562.531;3137.663; 123.273; 829.1;289.010;0.000;33.979;5708.321;  0.000;  0.000;0.9500;3.98;-13.57;11.97;1.58;0.200;1324.137;-5538.055;3137.663;-175.78;0.000;28.856
265.00;1218.019;-5562.473;3137.806; 123.441; 789.0;289.787;0.000;33.207;5747.560;  0.000;  0.000;0.9500;4.03;-13.58;11.98;1.57;0.200;1325.335;-5537.885;3137.806;-175.78;0.000;28.857
266.00;1218.774;-5562.418;3137.941; 123.601; 748.4;290.526;0.000;32.435;5787.310;  0.000;  0.000;0.9500;4.08;-13.59;12.00;1.56;0.214;1326.493;-5537.719;3137.941;-175.79;0.000;28.857
267.00;1219.490;-5562.365;3138.070; 123.752; 707.3;291.225;0.000;31.664;5827.586;  0.000;  0.000;0.9500;4.14;-13.62;12.04;1.55;0.245;1327.612;-5537.556;3138.070;-175.79;0.000;28.858
268.00;1220.165;-5562.316;3138.193; 123.896; 665.7;291.885;0.000;30.892;5868.401;  0.000;  0.000;0.9500;4.19;-13.66;12.08;1.54;0.281;1328.689;-5537.397;3138.193;-175.80;0.000;28.858
269.00;1220.798;-5562.270;3138.309; 124.032; 623.6;292.504;0.000;30.120;5909.771;  0.000;  0.000;0.9500;4.25;-13.72;12.14;1.53;0.320;1329.726;-5537.242;3138.309;-175.81;0.000;28.859
270.00;1221.390;-5562.228;3138.418; 124.159; 580.9;293.083;0.000;29.349;5951.710;  0.000;  0.000;0.9500;4.31;-13.80;12.23;1.52;0.364;1330.720;-5537.090;3138.418;-175.81;0.000;28.859
271.00;1221.940;-5562.188;3138.520; 124.278; 537.6;293.620;0.000;28.577;5994.234;  0.000;  0.000;0.9500;4.37;-13.90;12.34;1.52;0.410;1331.673;-5536.943;3138.520;-175.81;0.000;28.860
272.00;1222.446;-5562.153;3138.616; 124.389; 493.7;294.115;0.000;27.806;6037.360;  0.000;  0.000;0.9500;4.43;-14.05;12.48;1.51;0.453;1332.582;-5536.801;3138.616;-175.82;0.000;28.860
273.00;1222.910;-5562.121;3138.705; 124.492; 449.3;294.567;0.000;27.034;6081.105;  0.000;  0.000;0.9500;4.49;-14.24;12.66;1.50;0.486;1333.448;-5536.663;3138.705;-175.82;0.000;28.861
274.00;1223.329;-5562.093;3138.787; 124.587; 404.2;294.976;0.000;26.262;6125.487;  0.000;  0.000;0.9500;4.56;-14.49;12.91;1.49;0.496;1334.271;-5536.529;3138.787;-175.83;0.000;28.861
275.00;1223.703;-5562.070;3138.862; 124.673; 358.5;295.342;0.000;25.491;6170.525;  0.000;  0.000;0.9500;4.63;-14.84;13.24;1.49;0.475;1335.048;-5536.401;3138.862;-175.83;0.000;28.861
276.00;1224.032;-5562.050;3138.931; 124.752; 312.2;295.663;0.000;24.719;6216.239;  0.000;  0.000;0.9500;4.70;-15.32;13.70;1.48;0.416;1335.780;-5536.277;3138.931;-175.84;0.000;28.862
277.00;1224.328;-5562.035;3138.995; 124.825; 265.3;295.951;0.000;23.928;6263.819;  0.000;  0.000;0.9500;4.77;-16.06;14.39;1.47;0.326;1336.500;-5536.154;3138.995;-175.84;0.000;28.862
278.00;1224.601;-5562.019;3139.055; 124.892; 245.6;296.218;0.000;23.671;6279.453;  0.000;  0.000;0.0000;1.60;-15.02;13.32;1.47;0.285;1337.216;-5536.025;3139.055;-175.84;0.000;28.862
279.00;1224.839;-5562.000;3139.105; 124.944; 242.8;296.451;0.000;23.671;6279.453;  0.000;  0.000;0.0000;0.00;-13.06;11.33;1.46;0.279;1337.857;-5535.903;3139.105;-175.85;0.000;28.863
280.00;1225.075;-5561.972;3139.151; 124.987; 241.1;296.685;0.000;23.671;6279.453;  0.000;  0.000;0.0000;0.00;-10.93;9.15;1.45;0.276;1338.496;-5535.773;3139.151;-175.85;0.000;28.863
281.00;1225.309;-5561.936;3139.191; 125.020; 239.8;296.918;0.000;23.671;6279.453;  0.000;  0.000;0.0000;0.00;-8.80;6.94;1.45;0.273;1339.134;-5535.635;3139.191;-175.85;0.000;28.863
282.00;1225.542;-5561.892;3139.228; 125.044; 238.9;297.152;0.000;23.671;6279.453;  0.000;  0.000;0.0000;0.00;-6.70;4.71;1.44;0.271;1339.769;-5535.488;3139.228;-175.85;0.000;28.863
283.00;1225.772;-5561.840;3139.259; 125.058; 238.4;297.385;0.000;23.671;6279.453;  0.000;  0.000;0.0000;0.00;-0.00;2.47;-2.47;0.270;1340.402;-5535.334;3139.259;-173.21;0.000;28.864
284.00;1226.001;-5561.781;3139.286; 125.064; 238.2;297.619;0.000;23.671;6279.453;  0.000;  0.000;0.0000;0.00;-0.00;0.22;-0.22;0.270;1341.034;-5535.172;3139.286;-173.22;0.000;28.864
285.00;1226.229;-5561.713;3139.309; 125.059; 238.4;297.852;0.000;23.671;6279.453;  0.000;  0.000;0.0000;0.00;-0.00;-2.03;2.03;0.890;1341.663;-5535.002;3139.309;-173.23;0.000;28.864
286.00;1226.454;-5561.637;3139.327; 125.046; 238.9;298.085;0.000;23.671;6279.453;  0.000;  0.000;0.0000;0.00;-0.00;-4.27;4.27;0.892;1342.290;-5534.823;3139.327;-173.24;0.000;28.864
287.00;1226.678;-5561.553;3139.340; 125.023; 239.8;298.319;0.000;23.671;6279.453;  0.000;  0.000;0.0000;0.00;-0.00;-6.51;6.51;0.894;1342.916;-5534.637;3139.340;-173.25;0.000;28.865
288.00;1226.900;-5561.461;3139.349; 124.990; 241.1;298.552;0.000;23.671;6279.453;  0.000;  0.000;0.0000;0.00;0.00;-8.72;8.72;0.897;1343.540;-5534.443;3139.349;-173.26;0.000;28.865
289.00;1227.120;-5561.362;3139.354; 124.949; 242.7;298.786;0.000;23.671;6279.453;  0.000;  0.000;0.0000;0.00;-0.00;-10.90;10.90;0.901;1344.161;-5534.240;3139.354;-173.26;0.000;28.865
290.00;1227.339;-5561.254;3139.353; 124.898; 244.7;299.019;0.000;23.671;6279.453;  0.000;  0.000;0.0000;0.00;0.00;-13.06;13.06;0.906;1344.781;-5534.030;3139.353;-173.27;0.000;28.865
291.00;1227.555;-5561.138;3139.349; 124.837; 247.1;299.253;0.000;23.671;6279.453;  0.000;  0.000;0.0000;0.00;-0.00;-15.17;15.17;0.911;1345.399;-5533.811;3139.349;-173.28;0.000;28.866
292.00;1227.770;-5561.014;3139.339; 124.768; 249.7;299.486;0.000;23.671;6279.453;  0.000;  0.000;0.0000;0.00;-0.00;-17.25;17.25;0.918;1346.014;-5533.585;3139.339;-173.29;0.000;28.866
293.00;1227.983;-5560.883;3139.326; 124.689; 252.7;299.720;0.000;23.671;6279.453;  0.000;  0.000;0.0000;0.00;-0.00;-19.28;19.28;0.925;1346.628;-5533.350;3139.326;-173.30;0.000;28.866
294.00;1228.195;-5560.743;3139.307; 124.600; 256.0;299.953;0.000;23.671;6279.453;  0.000;  0.000;0.0000;0.00;-0.00;-21.26;21.26;0.933;1347.240;-5533.108;3139.307;-173.31;0.000;28.866
295.00;1228.405;-5560.595;3139.284; 124.502; 259.6;300.187;0.000;23.671;6279.453;  0.000;  0.000;0.0000;0.00;-0.00;-23.19;23.19;0.942;1347.850;-5532.857;3139.284;-173.32;0.000;28.867
296.00;1228.612;-5560.439;3139.257; 124.395; 263.4;300.421;0.000;23.671;6279.453;  0.000;  0.000;0.0000;0.00;-0.00;-25.06;25.06;0.951;1348.458;-5532.599;3139.257;-173.33;0.000;28.867
297.00;1228.819;-5560.275;3139.225; 124.278; 267.6;300.654;0.000;23.671;6279.453;  0.000;  0.000;0.0000;0.00;-0.00;-26.88;26.88;0.961;1349.064;-5532.332;3139.225;-173.34;0.000;28.867
298.00;1229.023;-5560.104;3139.188; 124.153; 272.0;300.888;0.000;23.671;6279.453;  0.000;  0.000;0.0000;0.00;-0.00;-28.64;28.64;0.972;1349.668;-5532.058;3139.188;-173.35;0.000;28.867
299.00;1229.226;-5559.924;3139.147; 124.017; 276.6;301.121;0.000;23.671;6279.453;  0.000;  0.000;0.0000;0.00;0.00;-30.34;30.34;0.983;1350.270;-5531.775;3139.147;-173.35;0.000;28.867
300.00;1229.427;-5559.736;3139.101; 123.873; 281.5;301.355;0.000;23.671;6279.453;  0.000;  0.000;0.0000;0.00;-0.00;-31.99;31.99;0.995;1350.870;-5531.485;3139.101;-173.36;0.000;28.868
301.00;1229.626;-5559.540;3139.051; 123.719; 286.6;301.589;0.000;23.671;6279.453;  0.000;  0.000;0.0000;0.00;-0.00;-33.57;33.57;1.007;1351.469;-5531.186;3139.051;-173.37;0.000;28.868
302.00;1229.823;-5559.337;3138.996; 123.555; 291.9;301.822;0.000;23.671;6279.453;  0.000;  0.000;0.0000;0.00;0.00;-35.11;35.11;1.020;1352.065;-5530.879;3138.996;-173.38;0.000;28.868
303.00;1230.019;-5559.125;3138.937; 123.383; 297.5;302.056;0.000;23.671;6279.453;  0.000;  0.000;0.0000;0.00;-0.00;-36.58;36.58;1.033;1352.659;-5530.565;3138.937;-173.39;0.000;28.868
304.00;1230.213;-5558.905;3138.873; 123.200; 303.2;302.290;0.000;23.671;6279.453;  0.000;  0.000;0.0000;0.00;-0.00;-38.00;38.00;1.046;1353.251;-5530.242;3138.873;-173.40;0.000;28.869
305.00;1230.405;-5558.677;3138.805; 123.009; 309.1;302.524;0.000;23.671;6279.453;  0.000;  0.000;0.0000;0.00;-0.00;-39.37;39.37;1.060;1353.842;-5529.911;3138.805;-173.41;0.000;28.869
306.00;1230.596;-5558.441;3138.732; 122.808; 315.1;302.758;0.000;23.671;6279.453;  0.000;  0.000;0.0000;0.00;-0.00;-40.68;40.68;1.074;1354.430;-5529.572;3138.732;-173.42;0.000;28.869
307.00;1230.784;-5558.198;3138.654; 122.598; 321.4;302.992;0.000;23.671;6279.453;  0.000;  0.000;0.0000;0.00;-0.00;-41.95;41.95;1.089;1355.017;-5529.226;3138.654;-173.43;0.000;28.869
308.00;1230.971;-5557.946;3138.572; 122.378; 327.7;303.226;0.000;23.671;6279.453;  0.000;  0.000;0.0000;0.00;0.00;-43.17;43.17;1.104;1355.601;-5528.871;3138.572;-173.44;0.000;28.870
309.00;1231.157;-5557.686;3138.485; 122.150; 334.3;303.460;0.000;23.671;6279.453;  0.000;  0.000;0.0000;0.00;0.00;-44.33;44.33;1.118;1356.184;-5528.508;3138.485;-173.45;0.000;28.870
310.00;1231.340;-5557.418;3138.394; 121.911; 340.9;303.694;0.000;23.671;6279.453;  0.000;  0.000;0.0000;0.00;0.00;-45.46;45.46;1.133;1356.764;-5528.137;3138.394;-173.46;0.000;28.870
311.00;1231.522;-5557.142;3138.298; 121.664; 347.7;303.928;0.000;23.671;6279.453;  0.000;  0.000;0.0000;0.00;-0.00;-46.54;46.54;1.149;1357.343;-5527.758;3138.298;-173.47;0.000;28.870
312.00;1231.702;-5556.858;3138.198; 121.407; 354.6;304.162;0.000;23.671;6279.453;  0.000;  0.000;0.0000;0.00;-0.00;-47.58;47.58;1.164;1357.919;-5527.372;3138.198;-173.48;0.000;28.871
313.00;1231.880;-5556.566;3138.093; 121.140; 361.6;304.396;0.000;23.671;6279.453;  0.000;  0.000;0.0000;0.00;-0.00;-48.58;48.58;1.179;1358.494;-5526.977;3138.093;-173.49;0.000;28.871
314.00;1232.057;-5556.267;3137.984; 120.864; 368.7;304.630;0.000;23.671;6279.453;  0.000;  0.000;0.0000;0.00;-0.00;-49.54;49.54;1.194;1359.066;-5526.574;3137.984;-173.50;0.000;28.871
315.00;1232.231;-5555.959;3137.870; 120.579; 375.9;304.865;0.000;23.671;6279.453;  0.000;  0.000;0.0000;0.00;-0.00;-50.46;50.46;1.209;1359.637;-5526.163;3137.870;-173.51;0.000;28.871
316.00;1232.404;-5555.643;3137.751; 120.285; 383.2;305.099;0.000;23.671;6279.453;  0.000;  0.000;0.0000;0.00;0.00;-51.35;51.35;1.225;1360.206;-5525.744;3137.751;-173.51;0.000;28.872
317.00;1232.576;-5555.319;3137.628; 119.981; 390.6;305.333;0.000;23.671;6279.453;  0.000;  0.000;0.0000;0.00;-0.00;-52.20;52.20;1.240;1360.773;-5525.317;3137.628;-173.52;0.000;28.872
318.00;1232.745;-5554.987;3137.500; 119.668; 398.1;305.568;0.000;23.671;6279.453;  0.000;  0.000;0.0000;0.00;-0.00;-53.03;53.03;1.254;1361.337;-5524.882;3137.500;-173.53;0.000;28.872
319.00;1232.913;-5554.647;3137.368; 119.345; 405.7;305.802;0.000;23.671;6279.453;  0.000;  0.000;0.0000;0.00;-0.00;-53.82;53.82;1.269;1361.900;-5524.439;3137.368;-173.54;0.000;28.872
320.00;1233.079;-5554.299;3137.231; 119.013; 413.3;306.037;0.000;23.671;6279.453;  0.000;  0.000;0.0000;0.00;-0.00;-54.58;54.58;1.284;1362.461;-5523.988;3137.231;-173.55;0.000;28.873
321.00;1233.244;-5553.943;3137.090; 118.672; 421.1;306.272;0.000;23.671;6279.453;  0.000;  0.000;0.0000;0.00;-0.00;-55.32;55.32;1.298;1363.020;-5523.528;3137.090;-173.56;0.000;28.873
322.00;1233.406;-5553.579;3136.944; 118.321; 428.8;306.506;0.000;23.671;6279.453;  0.000;  0.000;0.0000;0.00;0.00;-56.02;56.02;1.312;1363.576;-5523.061;3136.944;-173.57;0.000;28.873
323.00;1233.567;-5553.207;3136.793; 117.961; 436.7;306.741;0.000;23.671;6279.453;  0.000;  0.000;0.0000;0.00;0.00;-56.71;56.71;1.326;1364.131;-5522.586;3136.793;-173.58;0.000;28.873
324.00;1233.726;-5552.827;3136.638; 117.591; 444.6;306.976;0.000;23.671;6279.453;  0.000;  0.000;0.0000;0.00;-0.00;-57.37;57.37;1.340;1364.684;-5522.103;3136.638;-173.59;0.000;28.873
325.00;1233.884;-5552.439;3136.479; 117.212; 452.6;307.211;0.000;23.671;6279.453;  0.000;  0.000;0.0000;0.00;0.00;-58.00;58.00;1.353;1365.235;-5521.612;3136.479;-173.60;0.000;28.874
326.00;1234.039;-5552.043;3136.315; 116.824; 460.6;307.446;0.000;23.671;6279.453;  0.000;  0.000;0.0000;0.00;-0.00;-58.61;58.61;1.366;1365.784;-5521.112;3136.315;-173.61;0.000;28.874
327.00;1234.193;-5551.639;3136.146; 116.426; 468.7;307.681;0.000;23.671;6279.453;  0.000;  0.000;0.0000;0.00;0.00;-59.21;59.21;1.379;1366.331;-5520.605;3136.146;-173.62;0.000;28.874
328.00;1234.346;-5551.226;3135.973; 116.019; 476.8;307.916;0.000;23.671;6279.453;  0.000;  0.000;0.0000;0.00;0.00;-59.78;59.78;1.391;1366.876;-5520.090;3135.973;-173.63;0.000;28.874
329.00;1234.496;-5550.806;3135.795; 115.603; 485.0;308.151;0.000;23.671;6279.453;  0.000;  0.000;0.0000;0.00;0.00;-60.33;60.33;1.403;1367.419;-5519.567;3135.795;-173.64;0.000;28.875
330.00;1234.645;-5550.378;3135.612; 115.177; 493.2;308.387;0.000;23.671;6279.453;  0.000;  0.000;0.0000;0.00;-0.00;-60.86;60.86;1.415;1367.960;-5519.035;3135.612;-173.65;0.000;28.875
331.00;1234.792;-5549.942;3135.425; 114.742; 501.4;308.622;0.000;23.671;6279.453;  0.000;  0.000;0.0000;0.00;0.00;-61.38;61.38;1.426;1368.499;-5518.496;3135.425;-173.66;0.000;28.875
332.00;1234.937;-5549.497;3135.234; 114.297; 509.7;308.858;0.000;23.671;6279.453;  0.000;  0.000;0.0000;0.00;0.00;-61.88;61.88;1.437;1369.035;-5517.948;3135.234;-173.67;0.000;28.875
333.00;1235.081;-5549.045;3135.038; 113.843; 518.1;309.093;0.000;23.671;6279.453;  0.000;  0.000;0.0000;0.00;-0.00;-62.36;62.36;1.448;1369.570;-5517.393;3135.038;-173.68;0.000;28.876
334.00;1235.223;-5548.585;3134.837; 113.380; 526.4;309.329;0.000;23.671;6279.453;  0.000;  0.000;0.0000;0.00;-0.00;-62.83;62.83;1.458;1370.103;-5516.829;3134.837;-173.69;0.000;28.876
335.00;1235.363;-5548.116;3134.632; 112.907; 534.9;309.565;0.000;23.671;6279.453;  0.000;  0.000;0.0000;0.00;-0.00;-63.28;63.28;1.468;1370.634;-5516.258;3134.632;-173.70;0.000;28.876
336.00;1235.501;-5547.640;3134.422; 112.425; 543.3;309.801;0.000;23.671;6279.453;  0.000;  0.000;0.0000;0.00;-0.00;-63.72;63.72;1.477;1371.163;-5515.678;3134.422;-173.71;0.000;28.876
337.00;1235.638;-5547.156;3134.208; 111.933; 551.8;310.037;0.000;23.671;6279.453;  0.000;  0.000;0.0000;0.00;0.00;-64.15;64.15;1.486;1371.690;-5515.090;3134.208;-173.72;0.000;28.877
338.00;1235.773;-5546.663;3133.989; 111.432; 560.3;310.273;0.000;23.671;6279.453;  0.000;  0.000;0.0000;0.00;-0.00;-64.56;64.56;1.495;1372.215;-5514.495;3133.989;-173.74;0.000;28.877
339.00;1235.906;-5546.163;3133.765; 110.922; 568.8;310.509;0.000;23.671;6279.453;  0.000;  0.000;0.0000;0.00;0.00;-64.96;64.96;1.503;1372.738;-5513.891;3133.765;-173.75;0.000;28.877
340.00;1236.038;-5545.654;3133.537; 110.402; 577.4;310.745;0.000;23.671;6279.453;  0.000;  0.000;0.0000;0.00;0.00;-65.35;65.35;1.511;1373.259;-5513.279;3133.537;-173.76;0.000;28.877
341.00;1236.168;-5545.137;3133.305; 109.873; 586.0;310.981;0.000;23.671;6279.453;  0.000;  0.000;0.0000;0.00;-0.00;-65.72;65.72;1.518;1373.778;-5512.659;3133.304;-173.77;0.000;28.877
342.00;1236.296;-5544.613;3133.067; 109.335; 594.6;311.218;0.000;23.671;6279.453;  0.000;  0.000;0.0000;0.00;-0.00;-66.09;66.09;1.525;1374.295;-5512.031;3133.067;-173.78;0.000;28.878
343.00;1236.422;-5544.080;3132.825; 108.787; 603.3;311.454;0.000;23.671;6279.453;  0.000;  0.000;0.0000;0.00;0.00;-66.44;66.44;1.532;1374.810;-5511.396;3132.825;-173.79;0.000;28.878
344.00;1236.547;-5543.539;3132.579; 108.229; 611.9;311.691;0.000;23.671;6279.453;  0.000;  0.000;0.0000;0.00;0.00;-66.79;66.79;1.538;1375.323;-5510.752;3132.579;-173.80;0.000;28.878
345.00;1236.670;-5542.991;3132.328; 107.662; 620.6;311.928;0.000;23.671;6279.453;  0.000;  0.000;0.0000;0.00;-0.00;-67.12;67.12;1.544;1375.834;-5510.100;3132.328;-173.81;0.000;28.878
346.00;1236.791;-5542.434;3132.073; 107.086; 629.3;312.165;0.000;23.671;6279.453;  0.000;  0.000;0.0000;0.00;-0.00;-67.45;67.45;1.550;1376.343;-5509.439;3132.073;-173.82;0.000;28.879
347.00;1236.911;-5541.869;3131.812; 106.501; 638.1;312.402;0.000;23.671;6279.453;  0.000;  0.000;0.0000;0.00;-0.00;-67.77;67.77;1.555;1376.850;-5508.771;3131.812;-173.83;0.000;28.879
348.00;1237.028;-5541.296;3131.548; 105.906; 646.8;312.639;0.000;23.671;6279.453;  0.000;  0.000;0.0000;0.00;0.00;-68.07;68.07;1.560;1377.355;-5508.095;3131.548;-173.84;0.000;28.879
349.00;1237.144;-5540.715;3131.279; 105.301; 655.6;312.876;0.000;23.671;6279.453;  0.000;  0.000;0.0000;0.00;-0.00;-68.37;68.37;1.564;1377.857;-5507.411;3131.278;-173.85;0.000;28.879
350.00;1237.259;-5540.126;3131.005; 104.687; 664.4;313.114;0.000;23.671;6279.453;  0.000;  0.000;0.0000;0.00;0.00;-68.67;68.67;1.569;1378.358;-5506.719;3131.005;-173.86;0.000;28.880
351.00;1237.371;-5539.529;3130.726; 104.064; 673.3;313.351;0.000;23.671;6279.453;  0.000;  0.000;0.0000;0.00;0.00;-68.95;68.95;1.573;1378.857;-5506.018;3130.726;-173.87;0.000;28.880
352.00;1237.482;-5538.924;3130.443; 103.431; 682.1;313.589;0.000;23.671;6279.453;  0.000;  0.000;0.0000;0.00;0.00;-69.23;69.23;1.576;1379.354;-5505.310;3130.443;-173.88;0.000;28.880
353.00;1237.591;-5538.310;3130.156; 102.789; 690.9;313.827;0.000;23.671;6279.453;  0.000;  0.000;0.0000;0.00;0.00;-69.50;69.50;1.579;1379.849;-5504.594;3130.156;-173.89;0.000;28.880
354.00;1237.699;-5537.689;3129.863; 102.138; 699.8;314.064;0.000;23.671;6279.453;  0.000;  0.000;0.0000;0.00;-0.00;-69.76;69.76;1.583;1380.342;-5503.869;3129.863;-173.90;0.000;28.880
355.00;1237.805;-5537.060;3129.567; 101.477; 708.7;314.302;0.000;23.671;6279.453;  0.000;  0.000;0.0000;0.00;0.00;-70.01;70.01;1.585;1380.832;-5503.136;3129.567;-173.91;0.000;28.881
356.00;1237.909;-5536.422;3129.265; 100.807; 717.6;314.541;0.000;23.671;6279.453;  0.000;  0.000;0.0000;0.00;-0.00;-70.26;70.26;1.588;1381.321;-5502.396;3129.265;-173.93;0.000;28.881
357.00;1238.011;-5535.777;3128.959; 100.127; 726.5;314.779;0.000;23.671;6279.453;  0.000;  0.000;0.0000;0.00;-0.00;-70.51;70.51;1.590;1381.808;-5501.647;3128.959;-173.94;0.000;28.881
358.00;1238.112;-5535.123;3128.649;  99.437; 735.5;315.017;0.000;23.671;6279.453;  0.000;  0.000;0.0000;0.00;-0.00;-70.74;70.74;1.592;1382.293;-5500.890;3128.649;-173.95;0.000;28.881
359.00;1238.211;-5534.461;3128.334;  98.739; 744.4;315.256;0.000;23.671;6279.453;  0.000;  0.000;0.0000;0.00;0.00;-70.98;70.98;1.594;1382.775;-5500.126;3128.334;-173.96;0.000;28.882
360.00;1238.308;-5533.792;3128.014;  98.031; 753.4;315.494;0.000;23.671;6279.453;  0.000;  0.000;0.0000;0.00;0.00;-71.20;71.20;1.596;1383.256;-5499.353;3128.014;-173.97;0.000;28.882
361.00;1238.403;-5533.114;3127.690;  97.313; 762.4;315.733;0.000;23.671;6279.453;  0.000;  0.000;0.0000;0.00;0.00;-71.42;71.42;1.597;1383.734;-5498.572;3127.690;-173.98;0.000;28.882
362.00;1238.497;-5532.428;3127.361;  96.586; 771.4;315.972;0.000;23.671;6279.453;  0.000;  0.000;0.0000;0.00;0.00;-71.64;71.64;1.599;1384.211;-5497.783;3127.361;-173.99;0.000;28.882
363.00;1238.589;-5531.734;3127.027;  95.850; 780.4;316.211;0.000;23.671;6279.453;  0.000;  0.000;0.0000;0.00;-0.00;-71.85;71.85;1.600;1384.686;-5496.986;3127.027;-174.00;0.000;28.882
364.00;1238.679;-5531.032;3126.689;  95.104; 789.4;316.451;0.000;23.671;6279.453;  0.000;  0.000;0.0000;0.00;-0.00;-72.05;72.05;1.601;1385.158;-5496.180;3126.689;-174.01;0.000;28.883
365.00;1238.768;-5530.322;3126.347;  94.349; 798.4;316.690;0.000;23.671;6279.453;  0.000;  0.000;0.0000;0.00;0.00;-72.25;72.25;1.602;1385.629;-5495.367;3126.347;-174.02;0.000;28.883
366.00;1238.855;-5529.604;3126.000;  93.584; 807.5;316.930;0.000;23.671;6279.453;  0.000;  0.000;0.0000;0.00;-0.00;-72.45;72.45;1.602;1386.097;-5494.546;3125.999;-174.03;0.000;28.883
367.00;1238.940;-5528.877;3125.648;  92.810; 816.5;317.169;0.000;23.671;6279.453;  0.000;  0.000;0.0000;0.00;-0.00;-72.64;72.64;1.603;1386.563;-5493.716;3125.648;-174.05;0.000;28.883
368.00;1239.024;-5528.143;3125.291;  92.026; 825.6;317.409;0.000;23.671;6279.453;  0.000;  0.000;0.0000;0.00;0.00;-72.83;72.83;1.604;1387.028;-5492.879;3125.291;-174.06;0.000;28.884
369.00;1239.106;-5527.400;3124.930;  91.233; 834.7;317.649;0.000;23.671;6279.453;  0.000;  0.000;0.0000;0.00;-0.00;-73.01;73.01;1.604;1387.490;-5492.033;3124.930;-174.07;0.000;28.884
370.00;1239.186;-5526.650;3124.565;  90.430; 843.7;317.889;0.000;23.671;6279.453;  0.000;  0.000;0.0000;0.00;0.00;-73.19;73.19;1.604;1387.950;-5491.180;3124.564;-174.08;0.000;28.884
371.00;1239.264;-5525.891;3124.194;  89.618; 852.8;318.130;0.000;23.671;6279.453;  0.000;  0.000;0.0000;0.00;0.00;-73.37;73.37;1.605;1388.409;-5490.318;3124.194;-174.09;0.000;28.884
372.00;1239.341;-5525.124;3123.819;  88.797; 862.0;318.370;0.000;23.671;6279.453;  0.000;  0.000;0.0000;0.00;-0.00;-73.54;73.54;1.605;1388.865;-5489.448;3123.819;-174.10;0.000;28.884
373.00;1239.416;-5524.350;3123.440;  87.966; 871.1;318.611;0.000;23.671;6279.453;  0.000;  0.000;0.0000;0.00;0.00;-73.71;73.71;1.605;1389.319;-5488.570;3123.440;-174.11;0.000;28.885
374.00;1239.489;-5523.567;3123.056;  87.125; 880.2;318.852;0.000;23.671;6279.453;  0.000;  0.000;0.0000;0.00;-0.00;-73.87;73.87;1.605;1389.771;-5487.684;3123.056;-174.12;0.000;28.885
375.00;1239.560;-5522.775;3122.667;  86.275; 889.3;319.093;0.000;23.671;6279.453;  0.000;  0.000;0.0000;0.00;0.00;-74.03;74.03;1.605;1390.221;-5486.790;3122.667;-174.13;0.000;28.885
376.00;1239.630;-5521.976;3122.274;  85.416; 898.5;319.334;0.003;23.671;6279.453;  0.000;  0.000;0.0000;0.00;0.00;-74.19;74.19;1.605;1390.669;-5485.888;3122.274;-174.15;0.000;28.885
377.00;1239.698;-5521.169;3121.876;  84.547; 907.7;319.575;0.004;23.671;6279.453;  0.000;  0.000;0.0000;0.00;0.00;-74.35;74.35;1.605;1391.115;-5484.977;3121.876;-174.16;0.000;28.886
378.00;1239.765;-5520.353;3121.474;  83.669; 916.8;319.817;0.004;23.671;6279.453;  0.000;  0.000;0.0000;0.00;-0.00;-74.50;74.50;1.605;1391.559;-5484.059;3121.474;-174.17;0.000;28.886
379.00;1239.830;-5519.530;3121.067;  82.781; 926.0;320.058;0.005;23.671;6279.453;  0.000;  0.000;0.0000;0.00;0.00;-74.64;74.64;1.605;1392.001;-5483.132;3121.066;-174.18;0.000;28.886
380.00;1239.893;-5518.698;3120.655;  81.884; 935.2;320.300;0.006;23.671;6279.453;  0.000;  0.000;0.0000;0.00;0.00;-74.79;74.79;1.605;1392.441;-5482.198;3120.655;-174.19;0.000;28.886
381.00;1239.954;-5517.858;3120.238;  80.977; 944.4;320.542;0.007;23.671;6279.453;  0.000;  0.000;0.0000;0.00;0.00;-74.93;74.93;1.605;1392.878;-5481.255;3120.238;-174.20;0.000;28.886
382.00;1240.014;-5517.011;3119.818;  80.061; 953.6;320.785;0.008;23.671;6279.453;  0.000;  0.000;0.0000;0.00;-0.00;-75.07;75.07;1.605;1393.314;-5480.304;3119.817;-174.21;0.000;28.887
383.00;1240.071;-5516.155;3119.392;  79.135; 962.8;321.027;0.009;23.671;6279.453;  0.000;  0.000;0.0000;0.00;-0.00;-75.21;75.21;1.605;1393.748;-5479.345;3119.392;-174.23;0.000;28.887
384.00;1240.128;-5515.290;3118.962;  78.200; 972.0;321.270;0.011;23.671;6279.453;  0.000;  0.000;0.0000;0.00;-0.00;-75.34;75.34;1.605;1394.179;-5478.378;3118.962;-174.24;0.000;28.887
385.00;1240.182;-5514.418;3118.527;  77.255; 981.2;321.512;0.012;23.671;6279.453;  0.000;  0.000;0.0000;0.00;-0.00;-75.48;75.48;1.605;1394.609;-5477.403;3118.527;-174.25;0.000;28.887
386.00;1240.235;-5513.538;3118.088;  76.301; 990.5;321.755;0.014;23.671;6279.453;  0.000;  0.000;0.0000;0.00;-0.00;-75.60;75.60;1.605;1395.036;-5476.420;3118.088;-174.26;0.000;28.888
387.00;1240.286;-5512.649;3117.644;  75.337; 999.7;321.999;0.017;23.671;6279.453;  0.000;  0.000;0.0000;0.00;-0.00;-75.73;75.73;1.605;1395.461;-5475.429;3117.644;-174.27;0.000;28.888
388.00;1240.335;-5511.753;3117.195;  74.364;1008.9;322.242;0.019;23.671;6279.453;  0.000;  0.000;0.0000;0.00;0.00;-75.86;75.86;1.605;1395.885;-5474.429;3117.195;-174.28;0.000;28.888
389.00;1240.383;-5510.848;3116.742;  73.382;1018.2;322.486;0.023;23.671;6279.453;  0.000;  0.000;0.0000;0.00;-0.00;-75.98;75.98;1.605;1396.306;-5473.422;3116.742;-174.29;0.000;28.888
390.00;1240.429;-5509.935;3116.284;  72.389;1027.4;322.729;0.027;23.671;6279.453;  0.000;  0.000;0.0000;0.00;0.00;-76.10;76.10;1.605;1396.725;-5472.406;3116.284;-174.31;0.000;28.888
391.00;1240.473;-5509.014;3115.821;  71.388;1036.7;322.973;0.031;23.671;6279.453;  0.000;  0.000;0.0000;0.00;0.00;-76.21;76.21;1.605;1397.142;-5471.382;3115.821;-174.32;0.000;28.889
392.00;1240.516;-5508.085;3115.354;  70.377;1046.0;323.217;0.037;23.671;6279.453;  0.000;  0.000;0.0000;0.00;-0.00;-76.33;76.33;1.605;1397.557;-5470.350;3115.354;-174.33;0.000;28.889
393.00;1240.557;-5507.147;3114.882;  69.356;1055.2;323.462;0.043;23.671;6279.453;  0.000;  0.000;0.0000;0.00;0.00;-76.44;76.44;1.605;1397.970;-5469.310;3114.882;-174.34;0.000;28.889
394.00;1240.596;-5506.202;3114.406;  68.326;1064.5;323.706;0.051;23.671;6279.453;  0.000;  0.000;0.0000;0.00;-0.00;-76.56;76.56;1.605;1398.381;-5468.262;3114.406;-174.35;0.000;28.889
395.00;1240.633;-5505.248;3113.925;  67.286;1073.8;323.951;0.060;23.671;6279.453;  0.000;  0.000;0.0000;0.00;-0.00;-76.66;76.66;1.605;1398.789;-5467.206;3113.925;-174.36;0.000;28.889
396.00;1240.669;-5504.286;3113.439;  66.237;1083.1;324.196;0.070;23.671;6279.453;  0.000;  0.000;0.0000;0.00;0.00;-76.77;76.77;1.604;1399.196;-5466.141;3113.439;-174.38;0.000;28.890
397.00;1240.703;-5503.317;3112.949;  65.178;1092.4;324.441;0.083;23.671;6279.453;  0.000;  0.000;0.0000;0.00;0.00;-76.88;76.88;1.604;1399.600;-5465.069;3112.949;-174.39;0.000;28.890
398.00;1240.736;-5502.339;3112.454;  64.110;1101.6;324.686;0.098;23.671;6279.453;  0.000;  0.000;0.0000;0.01;0.00;-76.98;76.98;1.604;1400.003;-5463.988;3112.454;-174.40;0.000;28.890
399.00;1240.766;-5501.352;3111.955;  63.032;1110.9;324.932;0.116;23.671;6279.453;  0.000;  0.000;0.0000;0.01;-0.00;-77.08;77.08;1.604;1400.403;-5462.900;3111.955;-174.41;0.000;28.890
400.00;1240.795;-5500.358;3111.451;  61.945;1120.2;325.178;0.138;23.671;6279.453;  0.000;  0.000;0.0000;0.01;0.00;-77.18;77.18;1.604;1400.802;-5461.803;3111.451;-174.42;0.000;28.891
401.00;1240.823;-5499.356;3110.942;  60.849;1129.5;325.424;0.164;23.671;6279.453;  0.000;  0.000;0.0000;0.01;0.00;-77.28;77.28;1.604;1401.198;-5460.698;3110.942;-174.43;0.000;28.891
402.00;1240.848;-5498.345;3110.429;  59.743;1138.7;325.670;0.194;23.671;6279.453;  0.000;  0.000;0.0000;0.01;0.00;-77.38;77.38;1.604;1401.592;-5459.585;3110.429;-174.45;0.000;28.891
403.00;1240.872;-5497.327;3109.911;  58.627;1148.0;325.916;0.231;23.671;6279.453;  0.000;  0.000;0.0000;0.01;0.00;-77.47;77.47;1.604;1401.984;-5458.464;3109.911;-174.46;0.000;28.891
404.00;1240.894;-5496.300;3109.388;  57.502;1157.2;326.163;0.275;23.671;6279.453;  0.000;  0.000;0.0000;0.01;-0.00;-77.57;77.57;1.604;1402.374;-5457.335;3109.388;-174.47;0.000;28.891
405.00;1240.915;-5495.266;3108.861;  56.368;1166.5;326.410;0.328;23.671;6279.453;  0.000;  0.000;0.0000;0.02;-0.00;-77.66;77.66;1.604;1402.762;-5456.198;3108.861;-174.48;0.000;28.892
406.00;1240.933;-5494.223;3108.330;  55.224;1175.7;326.657;0.392;23.671;6279.453;  0.000;  0.000;0.0000;0.02;-0.00;-77.75;77.75;1.604;1403.148;-5455.053;3108.330;-174.49;0.000;28.892
407.00;1240.950;-5493.172;3107.793;  54.071;1184.8;326.904;0.468;23.671;6279.453;  0.000;  0.000;0.0000;0.02;0.00;-77.84;77.84;1.603;1403.531;-5453.899;3107.793;-174.50;0.000;28.892
408.00;1240.966;-5492.113;3107.253;  52.908;1194.0;327.151;0.560;23.671;6279.453;  0.000;  0.000;0.0000;0.03;0.00;-77.93;77.93;1.603;1403.913;-5452.738;3107.253;-174.52;0.000;28.892
409.00;1240.979;-5491.047;3106.707;  51.737;1203.0;327.399;0.671;23.671;6279.453;  0.000;  0.000;0.0000;0.03;-0.00;-78.01;78.01;1.603;1404.292;-5451.569;3106.707;-174.53;0.000;28.892
410.00;1240.991;-5489.972;3106.158;  50.556;1212.1;327.646;0.804;23.671;6279.453;  0.000;  0.000;0.0000;0.04;-0.00;-78.10;78.10;1.603;1404.669;-5450.393;3106.158;-174.54;0.000;28.893
411.00;1241.002;-5488.890;3105.603;  49.366;1221.0;327.894;0.965;23.671;6279.453;  0.000;  0.000;0.0000;0.05;-0.00;-78.18;78.18;1.603;1405.045;-5449.208;3105.603;-174.55;0.000;28.893
412.00;1241.010;-5487.800;3105.045;  48.166;1229.9;328.142;1.160;23.671;6279.453;  0.000;  0.000;0.0000;0.06;0.00;-78.27;78.27;1.602;1405.418;-5448.015;3105.045;-174.56;0.000;28.893
413.00;1241.018;-5486.592;3104.425;  46.837;1238.7;328.415;1.395;23.653;6280.567;  0.000;  0.000;0.9000;0.07;0.00;-78.35;78.35;1.601;1405.826;-5446.695;3104.425;-174.58;0.000;28.893
414.00;1241.023;-5485.492;3103.860;  45.626;1233.4;328.662;1.686;23.409;6295.457;  0.000;  0.000;0.9000;1.52;0.00;-78.43;78.43;0.000;1406.195;-5445.493;3103.860;-174.59;27.897;28.894
415.00;1241.026;-5484.397;3103.298;  44.420;1227.9;328.906;1.981;23.165;6310.419;  0.000;  0.000;0.9000;1.53;0.00;-78.51;78.51;0.000;1406.562;-5444.296;3103.298;-174.60;23.744;28.894
416.00;1241.028;-5483.253;3102.710;  43.159;1222.3;329.160;2.326;22.885;6327.717;  0.000;  0.000;0.9000;1.54;0.00;-78.60;78.60;0.000;1406.946;-5443.045;3102.710;-174.61;20.226;28.894
417.00;1241.027;-5482.181;3102.158;  41.977;1186.1;329.395;2.616;22.154;6373.307;  0.000;  0.000;0.9000;4.68;-0.00;-78.68;78.68;0.000;1407.310;-5441.871;3102.158;-174.63;53.937;28.894
418.00;1241.026;-5481.142;3101.623;  40.831;1149.2;329.623;2.889;21.423;6419.588;  0.000;  0.000;0.9000;4.76;0.00;-78.76;78.76;0.000;1407.673;-5440.730;3101.623;-174.64;48.849;28.894
419.00;1241.022;-5480.137;3101.105;  39.721;1111.7;329.841;3.163;20.692;6466.581;  0.000;  0.000;0.9000;4.83;0.00;-78.84;78.84;0.000;1408.036;-5439.622;3101.105;-174.65;44.614;28.895
420.00;1241.017;-5479.165;3100.604;  38.648;1073.5;330.050;3.432;19.961;6514.309;  0.000;  0.000;0.9000;4.91;-0.00;-78.93;78.93;0.000;1408.398;-5438.548;3100.604;-174.66;41.107;28.895
421.00;1241.011;-5478.227;3100.120;  37.613;1034.5;330.251;3.691;19.230;6562.793;  0.000;  0.000;0.9000;4.98;0.00;-79.02;79.02;0.000;1408.759;-5437.509;3100.120;-174.68;38.227;28.895
422.00;1241.003;-5477.325;3099.653;  36.615; 994.8;330.442;3.930;18.499;6612.058;  0.000;  0.000;0.9000;5.06;0.00;-79.12;79.12;0.000;1409.120;-5436.504;3099.653;-174.69;35.898;28.895
423.00;1240.994;-5476.458;3099.205;  35.657; 954.2;330.624;4.142;17.768;6662.130;  0.000;  0.000;0.9000;5.15;-0.00;-79.22;79.22;0.000;1409.480;-5435.536;3099.205;-174.70;34.062;28.895
424.00;1240.983;-5475.629;3098.775;  34.739; 912.8;330.797;4.317;17.037;6713.035;  0.000;  0.000;0.9000;5.23;0.00;-79.32;79.32;0.000;1409.841;-5434.604;3098.775;-174.71;32.677;28.895
425.00;1240.972;-5474.836;3098.365;  33.861; 870.6;330.961;4.447;16.306;6764.801;  0.000;  0.000;0.9000;5.32;0.00;-79.42;79.42;0.000;1410.201;-5433.709;3098.365;-174.73;31.721;28.895
426.00;1240.959;-5474.081;3097.973;  33.026; 827.4;331.116;4.523;15.575;6817.458;  0.000;  0.000;0.9000;5.42;0.00;-79.53;79.53;0.000;1410.561;-5432.852;3097.973;-174.74;31.185;28.896
427.00;1240.945;-5473.366;3097.602;  32.232; 783.4;331.260;4.537;14.844;6871.036;  0.000;  0.000;0.9000;5.51;0.00;-79.65;79.65;0.000;1410.921;-5432.035;3097.602;-174.76;31.081;28.896
428.00;1240.931;-5472.690;3097.250;  31.482; 738.4;331.396;4.484;14.113;6925.569;  0.000;  0.000;0.9000;5.61;0.00;-79.77;79.77;0.000;1411.282;-5431.256;3097.250;-174.77;31.444;28.896
429.00;1240.916;-5472.054;3096.919;  30.777; 692.4;331.522;4.360;13.382;6981.090;  0.000;  0.000;0.9000;5.71;0.00;-79.90;79.90;0.000;1411.643;-5430.519;3096.919;-174.78;32.340;28.896
430.00;1240.901;-5471.460;3096.610;  30.117; 645.4;331.638;4.162;12.651;7037.637;  0.000;  0.000;0.9000;5.82;0.00;-80.04;80.04;0.000;1412.005;-5429.822;3096.610;-174.80;33.874;28.896
431.00;1240.885;-5470.908;3096.322;  29.504; 597.4;331.744;3.892;11.920;7095.247;  0.000;  0.000;0.9000;5.93;-0.00;-80.18;80.18;0.000;1412.368;-5429.168;3096.322;-174.82;36.221;28.896
432.00;1240.868;-5470.375;3096.043;  28.911; 548.2;331.846;3.555;11.171;7155.445;  0.000;  0.000;0.9000;6.05;0.00;-80.34;80.34;0.000;1412.749;-5428.528;3096.043;-174.83;39.651;28.896
433.00;1240.849;-5469.848;3095.768;  28.324; 535.5;331.944;3.638;10.927;7175.279;  0.000;  0.000;0.0000;2.03;0.00;-80.52;80.52;1.412;1413.150;-5427.889;3095.768;-174.85;0.000;28.896
434.00;1240.831;-5469.372;3095.518;  27.793; 542.2;332.032;4.024;10.927;7175.279;  0.000;  0.000;0.0000;0.25;-0.00;-80.67;80.67;1.422;1413.512;-5427.310;3095.518;-174.87;0.000;28.896
435.00;1240.811;-5468.889;3095.265;  27.255; 549.2;332.119;4.454;10.927;7175.279;  0.000;  0.000;0.0000;0.28;0.00;-80.82;80.82;1.431;1413.873;-5426.725;3095.265;-174.89;0.000;28.896
436.00;1240.789;-5468.401;3095.008;  26.710; 555.9;332.206;4.928;10.927;7175.279;  0.000;  0.000;0.0000;0.31;0.00;-80.98;80.98;1.440;1414.231;-5426.135;3095.008;-174.91;0.000;28.897
437.00;1240.766;-5467.906;3094.748;  26.158; 562.3;332.292;5.451;10.927;7175.279;  0.000;  0.000;0.0000;0.34;0.00;-81.12;81.12;1.449;1414.588;-5425.538;3094.748;-174.92;0.000;28.897
438.00;1240.741;-5467.407;3094.485;  25.599; 568.3;332.378;6.025;10.927;7175.279;  0.000;  0.000;0.0000;0.38;0.00;-81.26;81.26;1.456;1414.942;-5424.937;3094.485;-174.94;0.000;28.897
439.00;1240.714;-5466.903;3094.219;  25.035; 574.0;332.464;6.655;10.927;7175.279;  0.000;  0.000;0.0000;0.42;-0.00;-81.40;81.40;1.463;1415.295;-5424.330;3094.219;-174.96;0.000;28.897
440.00;1240.686;-5466.394;3093.950;  24.465; 579.2;332.549;7.345;10.927;7175.279;  0.000;  0.000;0.0000;0.47;0.00;-81.54;81.54;1.470;1415.646;-5423.719;3093.950;-174.98;0.000;28.897
441.00;1240.656;-5465.880;3093.678;  23.890; 584.0;332.633;8.098;10.927;7175.279;  0.000;  0.000;0.0000;0.52;0.00;-81.67;81.67;1.475;1415.995;-5423.104;3093.678;-175.00;0.000;28.897
442.00;1240.624;-5465.363;3093.404;  23.310; 588.2;332.717;8.918;10.927;7175.279;  0.000;  0.000;0.0000;0.57;-0.00;-81.80;81.80;1.480;1416.342;-5422.485;3093.405;-175.02;0.000;28.897
443.00;1240.592;-5464.843;3093.129;  22.726; 591.9;332.800;9.807;10.927;7175.279;  0.000;  0.000;0.0000;0.63;0.00;-81.92;81.92;1.484;1416.688;-5421.863;3093.129;-175.03;0.000;28.897
444.00;1240.557;-5464.320;3092.851;  22.138; 595.0;332.883;10.769;10.927;7175.279;  0.000;  0.000;0.0000;0.69;-0.00;-82.05;82.05;1.487;1417.032;-5421.237;3092.851;-175.05;0.000;28.897
445.00;1240.521;-5463.794;3092.572;  21.548; 597.5;332.964;11.804;10.927;7175.279;  0.000;  0.000;0.0000;0.76;0.00;-82.17;82.17;1.489;1417.375;-5420.610;3092.572;-175.07;0.000;28.897
446.00;1240.484;-5463.267;3092.291;  20.955; 599.3;333.045;12.913;10.927;7175.279;  0.000;  0.000;0.0000;0.83;-0.00;-82.29;82.29;1.491;1417.716;-5419.981;3092.291;-175.09;0.000;28.897
447.00;1240.446;-5462.738;3092.010;  20.360; 600.3;333.125;14.096;10.927;7175.279;  0.000;  0.000;0.0000;0.91;0.00;-82.40;82.40;1.492;1418.055;-5419.351;3092.010;-175.11;0.000;28.897
448.00;1240.406;-5462.210;3091.728;  19.765; 600.4;333.203;16.417;10.927;7175.279;  0.000;  0.000;0.0000;1.06;0.00;-82.51;82.51;1.494;1418.394;-5418.720;3091.728;-175.13;0.000;28.897
449.00;1240.366;-5461.682;3091.446;  19.170; 599.1;333.280;17.963;10.927;7175.279;  0.000;  0.000;0.0000;1.16;-0.00;-82.63;82.63;1.493;1418.731;-5418.090;3091.446;-175.15;0.000;28.897
450.00;1240.324;-5461.155;3091.165;  18.577; 596.9;333.356;19.586;10.927;7175.279;  0.000;  0.000;0.0000;1.26;-0.00;-82.74;82.74;1.491;1419.067;-5417.462;3091.165;-175.17;0.000;28.897
451.00;1240.281;-5460.631;3090.885;  17.986; 593.6;333.431;21.273;10.927;7175.279;  0.000;  0.000;0.0000;1.37;0.00;-82.85;82.85;1.487;1419.402;-5416.836;3090.885;-175.19;0.000;28.897
452.00;1240.238;-5460.111;3090.607;  17.399; 589.2;333.504;23.010;10.927;7175.279;  0.000;  0.000;0.0000;1.48;-0.00;-82.96;82.96;1.483;1419.736;-5416.214;3090.607;-175.21;0.000;28.898
453.00;1240.193;-5459.595;3090.331;  16.816; 583.8;333.575;24.779;10.927;7175.279;  0.000;  0.000;0.0000;1.58;0.00;-83.06;83.06;1.478;1420.070;-5415.596;3090.331;-175.23;0.000;28.898
454.00;1240.149;-5459.085;3090.057;  16.239; 577.4;333.644;26.560;10.927;7175.279;  0.000;  0.000;0.0000;1.69;0.00;-83.17;83.17;1.471;1420.403;-5414.984;3090.057;-175.25;0.000;28.898
455.00;1240.103;-5458.580;3089.786;  15.669; 569.9;333.712;28.331;10.927;7175.279;  0.000;  0.000;0.0000;1.79;-0.00;-83.28;83.28;1.463;1420.736;-5414.378;3089.786;-175.28;0.000;28.898
456.00;1240.057;-5458.083;3089.519;  15.107; 561.5;333.777;30.068;10.927;7175.279;  0.000;  0.000;0.0000;1.89;0.00;-83.38;83.38;1.454;1421.068;-5413.779;3089.519;-175.30;0.000;28.898
457.00;1240.011;-5457.594;3089.256;  14.553; 552.1;333.841;31.747;10.927;7175.279;  0.000;  0.000;0.0000;1.98;0.00;-83.49;83.49;1.443;1421.401;-5413.188;3089.256;-175.32;0.000;28.898
458.00;1239.965;-5457.114;3088.998;  14.009; 541.9;333.902;33.346;10.927;7175.279;  0.000;  0.000;0.0000;2.06;0.00;-83.60;83.60;1.431;1421.733;-5412.606;3088.998;-175.34;0.000;28.898
459.00;1239.919;-5456.643;3088.744;  13.476; 530.4;333.961;35.668;10.927;7175.279;  0.000;  0.000;0.0000;2.19;-0.00;-83.70;83.70;1.416;1422.066;-5412.033;3088.744;-175.37;0.000;28.898
460.00;1239.872;-5456.182;3088.496;  12.954; 518.5;334.018;36.582;10.927;7175.279;  0.000;  0.000;0.0000;2.22;0.00;-83.81;83.81;1.401;1422.399;-5411.471;3088.496;-175.39;0.000;28.898
461.00;1239.826;-5455.733;3088.253;  12.444; 506.3;334.073;37.401;10.927;7175.279;  0.000;  0.000;0.0000;2.24;0.00;-83.92;83.92;1.384;1422.732;-5410.919;3088.253;-175.42;0.000;28.898
462.00;1239.780;-5455.294;3088.016;  11.946; 493.9;334.125;38.110;10.927;7175.279;  0.000;  0.000;0.0000;2.25;0.00;-84.03;84.03;1.366;1423.066;-5410.379;3088.016;-175.44;0.000;28.898
463.00;1239.734;-5454.866;3087.785;  11.460; 481.5;334.175;38.700;10.927;7175.279;  0.000;  0.000;0.0000;2.26;0.00;-84.14;84.14;1.347;1423.400;-5409.849;3087.785;-175.47;0.000;28.898
464.00;1239.689;-5454.450;3087.559;  10.986; 469.1;334.223;39.168;10.927;7175.279;  0.000;  0.000;0.0000;2.25;-0.00;-84.25;84.25;1.325;1423.735;-5409.330;3087.560;-175.49;0.000;28.898
465.00;1239.643;-5454.044;3087.340;  10.525; 456.9;334.269;39.527;10.927;7175.279;  0.000;  0.000;0.0000;2.23;0.00;-84.36;84.36;1.300;1424.070;-5408.822;3087.340;-175.52;0.000;28.898
466.00;1239.599;-5453.649;3087.125;  10.076; 445.0;334.313;39.789;10.927;7175.279;  0.000;  0.000;0.0000;2.20;-0.00;-84.48;84.48;1.275;1424.406;-5408.325;3087.126;-175.55;0.000;28.898
467.00;1239.554;-5453.265;3086.917;   9.638; 433.3;334.355;39.962;10.927;7175.279;  0.000;  0.000;0.0000;2.16;0.00;-84.59;84.59;1.249;1424.743;-5407.839;3086.917;-175.58;0.000;28.898
468.00;1239.510;-5452.890;3086.713;   9.212; 422.0;334.395;40.058;10.927;7175.279;  0.000;  0.000;0.0000;2.12;0.00;-84.70;84.70;1.224;1425.080;-5407.362;3086.714;-175.61;0.000;28.898
469.00;1239.466;-5452.526;3086.515;   8.796; 411.1;334.433;40.087;10.927;7175.279;  0.000;  0.000;0.0000;2.08;-0.00;-84.82;84.82;1.199;1425.418;-5406.896;3086.515;-175.64;0.000;28.898
470.00;1239.422;-5452.171;3086.322;   8.392; 400.7;334.469;40.061;10.927;7175.279;  0.000;  0.000;0.0000;2.04;0.00;-84.93;84.93;1.175;1425.757;-5406.439;3086.322;-175.68;0.000;28.898
471.00;1239.379;-5451.825;3086.134;   7.997; 390.6;334.503;39.990;10.927;7175.279;  0.000;  0.000;0.0000;1.99;0.00;-85.05;85.05;1.151;1426.096;-5405.991;3086.134;-175.71;0.000;28.898
472.00;1239.332;-5451.455;3085.932;   7.574; 381.1;334.539;39.883;10.927;7175.279;  0.000;  0.000;0.0000;1.95;-0.00;-85.18;85.18;1.128;1426.470;-5405.508;3085.932;-175.75;0.000;28.898
473.00;1239.289;-5451.128;3085.753;   7.200; 369.6;334.570;39.443;10.725;7191.338;  0.000;  0.000;0.7475;2.11;0.00;-85.29;85.29;0.242;1426.810;-5405.078;3085.753;-175.79;0.845;28.898
474.00;1239.247;-5450.810;3085.579;   6.837; 358.6;334.600;38.773;10.522;7207.456;  0.000;  0.000;0.7475;2.11;-0.00;-85.41;85.41;0.241;1427.151;-5404.658;3085.579;-175.83;0.858;28.898
475.00;1239.206;-5450.503;3085.411;   6.485; 347.7;334.628;37.980;10.320;7223.633;  0.000;  0.000;0.7475;2.11;0.00;-85.53;85.53;0.239;1427.493;-5404.248;3085.411;-175.87;0.874;28.898
476.00;1239.165;-5450.204;3085.247;   6.143; 336.8;334.654;37.075;10.118;7239.868;  0.000;  0.000;0.7475;2.10;-0.00;-85.64;85.64;0.237;1427.836;-5403.847;3085.248;-175.91;0.894;28.898
477.00;1239.125;-5449.916;3085.089;   5.812; 326.0;334.679;36.069;9.915;7256.162;  0.000;  0.000;0.7475;2.09;-0.00;-85.76;85.76;0.234;1428.180;-5403.456;3085.089;-175.95;0.917;28.898
478.00;1239.085;-5449.636;3084.936;   5.492; 315.3;334.702;34.974;9.713;7272.515;  0.000;  0.000;0.7475;2.08;0.00;-85.88;85.88;0.231;1428.525;-5403.074;3084.936;-176.00;0.944;28.898
479.00;1239.046;-5449.367;3084.788;   5.183; 304.7;334.724;33.803;9.511;7288.927;  0.000;  0.000;0.7475;2.07;-0.00;-86.00;86.00;0.228;1428.870;-5402.702;3084.788;-176.05;0.975;28.898
480.00;1239.008;-5449.106;3084.644;   4.884; 294.2;334.745;32.568;9.308;7305.399;  0.000;  0.000;0.7475;2.06;0.00;-86.12;86.12;0.224;1429.217;-5402.338;3084.644;-176.10;1.010;28.898
481.00;1238.970;-5448.855;3084.506;   4.595; 283.9;334.764;31.280;9.106;7321.931;  0.000;  0.000;0.7475;2.04;-0.00;-86.24;86.24;0.220;1429.565;-5401.984;3084.506;-176.15;1.049;28.898
482.00;1238.934;-5448.613;3084.373;   4.317; 273.7;334.782;29.950;8.904;7338.523;  0.000;  0.000;0.7475;2.03;-0.00;-86.37;86.37;0.215;1429.913;-5401.639;3084.373;-176.21;1.094;28.898
483.00;1238.898;-5448.379;3084.244;   4.048; 263.6;334.799;28.589;8.701;7355.176;  0.000;  0.000;0.7475;2.01;-0.00;-86.49;86.49;0.209;1430.263;-5401.303;3084.244;-176.27;1.143;28.898
484.00;1238.863;-5448.155;3084.120;   3.790; 254.0;334.814;27.273;8.499;7371.891;  0.000;  0.000;0.7475;1.94;0.00;-86.61;86.61;0.185;1430.614;-5400.976;3084.120;-176.34;1.355;28.898
485.00;1238.828;-5447.938;3084.000;   3.541; 244.8;334.829;25.991;8.296;7388.668;  0.000;  0.000;0.7475;1.93;-0.00;-86.74;86.74;0.178;1430.966;-5400.656;3084.000;-176.41;1.419;28.898
486.00;1238.795;-5447.730;3083.885;   3.301; 235.7;334.842;24.695;8.094;7405.509;  0.000;  0.000;0.7475;1.92;0.00;-86.86;86.86;0.170;1431.319;-5400.345;3083.885;-176.48;1.491;28.898
487.00;1238.762;-5447.530;3083.774;   3.069; 226.7;334.855;23.392;7.892;7422.413;  0.000;  0.000;0.7475;1.91;0.00;-86.98;86.98;0.162;1431.672;-5400.042;3083.774;-176.56;1.570;28.898
488.00;1238.730;-5447.337;3083.667;   2.847; 217.8;334.866;22.089;7.689;7439.383;  0.000;  0.000;0.7475;1.89;0.00;-87.10;87.10;0.152;1432.027;-5399.746;3083.667;-176.64;1.659;28.898
489.00;1238.699;-5447.152;3083.564;   2.634; 209.1;334.877;20.793;7.487;7456.418;  0.000;  0.000;0.7475;1.88;0.00;-87.23;87.23;0.140;1432.383;-5399.458;3083.565;-176.73;1.759;28.898
490.00;1238.668;-5446.975;3083.466;   2.429; 200.5;334.886;19.509;7.285;7473.521;  0.000;  0.000;0.7475;1.87;0.00;-87.35;87.35;0.128;1432.740;-5399.177;3083.466;-176.83;1.871;28.898
491.00;1238.639;-5446.805;3083.372;   2.233; 192.0;334.895;18.242;7.082;7490.692;  0.000;  0.000;0.7475;1.86;0.00;-87.47;87.47;0.114;1433.099;-5398.904;3083.372;-176.94;1.997;28.898
492.00;1238.610;-5446.643;3083.281;   2.045; 183.6;334.903;16.997;6.880;7507.933;  0.000;  0.000;0.7475;1.84;0.00;-87.59;87.59;0.098;1433.458;-5398.639;3083.281;-177.05;2.139;28.898
493.00;1238.582;-5446.488;3083.195;   1.865; 175.4;334.911;15.778;6.677;7525.245;  0.000;  0.000;0.7475;1.83;0.00;-87.71;87.71;0.080;1433.818;-5398.380;3083.195;-177.18;2.300;28.898
494.00;1238.555;-5446.340;3083.112;   1.694; 167.3;334.917;14.589;6.475;7542.631;  0.000;  0.000;0.7475;1.82;0.00;-87.83;87.83;0.060;1434.180;-5398.129;3083.112;-177.31;2.483;28.898
495.00;1238.530;-5446.199;3083.033;   1.531; 159.2;334.923;13.433;6.273;7560.090;  0.000;  0.000;0.7475;1.81;0.00;-87.95;87.95;0.037;1434.542;-5397.884;3083.034;-177.46;2.691;28.898
496.00;1238.505;-5446.065;3082.959;   1.375; 151.3;334.929;12.313;6.070;7577.626;  0.000;  0.000;0.7475;1.80;0.00;-88.07;88.07;0.010;1434.906;-5397.647;3082.959;-177.63;2.931;28.898
497.00;1238.481;-5445.938;3082.887;   1.228; 143.5;334.933;11.225;5.868;7595.240;  0.000;  0.000;0.7475;1.80;0.00;-88.19;88.19;0.000;1435.271;-5397.416;3082.888;-177.81;3.209;28.898
498.00;1238.458;-5445.818;3082.820;   1.088; 135.5;334.938;10.154;5.666;7612.934;  0.000;  0.000;0.7475;1.81;-0.00;-88.30;88.30;0.000;1435.637;-5397.192;3082.820;-178.02;3.541;28.898
499.00;1238.436;-5445.705;3082.757;   0.957; 127.5;334.941;9.104;5.463;7630.711;  0.000;  0.000;0.7475;1.82;0.00;-88.42;88.42;0.000;1436.005;-5396.975;3082.757;-178.25;3.943;28.898
500.00;1238.415;-5445.598;3082.697;   0.833; 119.4;334.945;8.081;5.261;7648.572;  0.000;  0.000;0.7475;1.83;0.00;-88.53;88.53;0.000;1436.374;-5396.764;3082.697;-178.51;4.436;28.898
501.00;1238.395;-5445.499;3082.641;   0.717; 111.2;334.948;7.091;5.059;7666.520;  0.000;  0.000;0.7475;1.84;0.00;-88.64;88.64;0.000;1436.744;-5396.561;3082.641;-178.81;5.047;28.898
502.00;1238.377;-5445.407;3082.589;   0.610; 103.0;334.950;6.141;4.856;7684.558;  0.000;  0.000;0.7475;1.85;0.00;-88.75;88.75;0.000;1437.116;-5396.365;3082.589;-179.16;5.820;28.898
503.00;1238.360;-5445.322;3082.542;   0.511;  94.6;334.952;5.236;4.654;7702.688;  0.000;  0.000;0.7475;1.85;-0.00;-88.86;88.86;0.000;1437.489;-5396.176;3082.542;-179.57;6.817;28.898
504.00;1238.344;-5445.244;3082.498;   0.421;  86.2;334.954;4.382;4.451;7720.914;  0.000;  0.000;0.7475;1.86;-0.00;-88.97;88.97;0.000;1437.864;-5395.994;3082.498;179.94;8.135;28.898
505.00;1238.329;-5445.174;3082.458;   0.339;  77.6;334.955;3.586;4.249;7739.237;  0.000;  0.000;0.7475;1.87;0.00;-89.08;89.08;0.000;1438.240;-5395.819;3082.458;179.35;9.929;28.898
506.00;1238.316;-5445.111;3082.423;   0.265;  69.0;334.956;2.854;4.047;7757.663;  0.000;  0.000;0.7475;1.89;-0.00;-89.19;89.19;0.000;1438.618;-5395.652;3082.423;178.61;12.461;28.898
507.00;1238.304;-5445.055;3082.391;   0.200;  60.2;334.957;2.193;3.844;7776.194;  0.000;  0.000;0.7475;1.90;0.00;-89.30;89.30;0.000;1438.998;-5395.492;3082.391;177.65;16.208;28.898
508.00;1238.294;-5445.007;3082.364;   0.144;  51.3;334.958;1.607;3.642;7794.833;  0.000;  0.000;0.7475;1.91;-0.00;-89.40;89.40;0.000;1439.379;-5395.340;3082.364;176.37;22.100;28.898
509.00;1238.285;-5444.967;3082.341;   0.097;  42.3;334.958;1.103;3.440;7813.585;  0.000;  0.000;0.7475;1.92;0.00;-89.51;89.51;0.000;1439.762;-5395.195;3082.341;174.57;8.453;28.898
510.00;1238.278;-5444.935;3082.323;   0.059;  33.3;334.958;0.687;3.237;7832.453;  0.000;  0.000;0.7475;1.93;0.00;-89.61;89.61;0.000;1440.147;-5395.058;3082.323;171.83;13.570;28.898
511.00;1238.273;-5444.910;3082.309;   0.030;  24.0;334.959;0.364;3.035;7851.441;  0.000;  0.000;0.7475;1.94;-0.00;-89.71;89.71;0.000;1440.535;-5394.928;3082.309;167.14;25.604;28.898
512.00;1238.269;-5444.893;3082.299;   0.011;  14.7;334.959;0.140;2.832;7870.554;  0.000;  0.000;0.7475;1.96;0.00;-89.81;89.81;0.000;1440.924;-5394.806;3082.300;157.37;66.639;28.898
513.00;1238.267;-5444.885;3082.295;   0.000;   5.0;334.959;0.019;2.628;7889.989;  0.000;  0.000;0.7554;1.99;0.00;-89.90;89.90;0.000;1441.315;-5394.693;3082.295;128.14;506.346;28.898
513.15;1238.267;-5444.884;3082.294;   0.000;   3.6;334.959;0.008;2.597;7892.918;  0.000;  0.000;0.7554;1.99;-0.00;-89.91;89.91;0.570;1441.354;-5394.682;3082.294;115.77;0.000;28.898
