#Time;x(km);y(km);z(km);alt(km);relVel;dwnrng(km);Q(kPa);Fuel(tons);dV_tot;dV_grav;dv_drag;throttle;accel;aoa;aov;pitch;Cd;x(km);y(km);z(km);yaw;c_thrust;incl
-20.00;-2672.376;-4516.832;3624.807;   0.153;   0.0;0.000;0.000;409.500;  0.000;  0.000;  0.000;0.0000;1.00;0.00;90.00;34.63;0.200;-2672.376;-4516.832;3624.807;90.00;0.000;34.632
-19.00;-2672.376;-4516.832;3624.807;   0.153;   0.0;0.000;0.000;409.500;  0.000;  0.000;  0.000;0.0000;1.00;0.00;90.00;34.63;0.200;-2672.376;-4516.832;3624.807;90.00;0.000;34.632
-18.00;-2672.376;-4516.832;3624.807;   0.153;   0.0;0.000;0.000;409.500;  0.000;  0.000;  0.000;0.0000;1.00;0.00;90.00;34.63;0.200;-2672.376;-4516.832;3624.807;90.00;0.000;34.632
-17.00;-2672.376;-4516.832;3624.807;   0.153;   0.0;0.000;0.000;409.500;  0.000;  0.000;  0.000;0.0000;1.00;0.00;90.00;34.63;0.200;-2672.376;-4516.832;3624.807;90.00;0.000;34.632
-16.00;-2672.376;-4516.832;3624.807;   0.153;   0.0;0.000;0.000;409.500;  0.000;  0.000;  0.000;0.0000;1.00;0.00;90.00;34.63;0.200;-2672.376;-4516.832;3624.807;90.00;0.000;34.632
-15.00;-2672.376;-4516.832;3624.807;   0.153;   0.0;0.000;0.000;409.500;  0.000;  0.000;  0.000;0.0000;1.00;0.00;90.00;34.63;0.200;-2672.376;-4516.832;3624.807;90.00;0.000;34.632
-14.00;-2672.376;-4516.832;3624.807;   0.153;   0.0;0.000;0.000;409.500;  0.000;  0.000;  0.000;0.0000;1.00;0.00;90.00;34.63;0.200;-2672.376;-4516.832;3624.807;90.00;0.000;34.632
-13.00;-2672.376;-4516.832;3624.807;   0.153;   0.0;0.000;0.000;409.500;  0.000;  0.000;  0.000;0.0000;1.00;0.00;90.00;34.63;0.200;-2672.376;-4516.832;3624.807;90.00;0.000;34.632
-12.00;-2672.376;-4516.832;3624.807;   0.153;   0.0;0.000;0.000;409.500;  0.000;  0.000;  0.000;0.0000;1.00;0.00;90.00;34.63;0.200;-2672.376;-4516.832;3624.807;90.00;0.000;34.632
-11.00;-2672.376;-4516.832;3624.807;   0.153;   0.0;0.000;0.000;409.500;  0.000;  0.000;  0.000;0.0000;1.00;0.00;90.00;34.63;0.200;-2672.376;-4516.832;3624.807;90.00;0.000;34.632
-10.00;-2672.376;-4516.832;3624.807;   0.153;   0.0;0.000;0.000;409.500;  0.000;  0.000;  0.000;0.0000;1.00;0.00;90.00;34.63;0.200;-2672.376;-4516.832;3624.807;90.00;0.000;34.632
 -9.00;-2672.376;-4516.832;3624.807;   0.153;   0.0;0.000;0.000;409.500;  0.000;  0.000;  0.000;0.0000;1.00;0.00;90.00;34.63;0.200;-2672.376;-4516.832;3624.807;90.00;0.000;34.632
 -8.00;-2672.376;-4516.832;3624.807;   0.153;   0.0;0.000;0.000;409.500;  0.000;  0.000;  0.000;0.0000;1.00;0.00;90.00;34.63;0.200;-2672.376;-4516.832;3624.807;90.00;0.000;34.632
 -7.00;-2672.376;-4516.832;3624.807;   0.153;   0.0;0.000;0.000;409.500;  0.000;  0.000;  0.000;0.0000;1.00;0.00;90.00;34.63;0.200;-2672.376;-4516.832;3624.807;90.00;0.000;34.632
 -6.00;-2672.376;-4516.832;3624.807;   0.153;   0.0;0.000;0.000;409.500;  0.000;  0.000;  0.000;0.0000;1.00;0.00;90.00;34.63;0.200;-2672.376;-4516.832;3624.807;90.00;0.000;34.632
 -5.00;-2672.376;-4516.832;3624.807;   0.153;   0.0;0.000;0.000;409.500;  0.000;  0.000;  0.000;0.0000;1.00;0.00;90.00;34.63;0.200;-2672.376;-4516.832;3624.807;90.00;0.000;34.632
 -4.00;-2672.376;-4516.832;3624.807;   0.153;   0.0;0.000;0.000;409.500;  0.000;  0.000;  0.000;0.0000;1.00;0.00;90.00;34.63;0.200;-2672.376;-4516.832;3624.807;90.00;0.000;34.632
 -3.00;-2672.376;-4516.832;3624.807;   0.153;   0.0;0.000;0.000;409.500;  0.000;  0.000;  0.000;0.0000;1.00;0.00;90.00;34.63;0.200;-2672.376;-4516.832;3624.807;90.00;0.000;34.632
 -2.00;-2672.376;-4516.832;3624.807;   0.153;   0.0;0.000;0.000;408.503;  4.994;  0.000;  0.000;0.4000;0.48;0.00;90.00;34.63;0.200;-2672.376;-4516.832;3624.807;90.00;0.000;34.632
 -1.00;-2672.376;-4516.832;3624.807;   0.153;   0.0;0.000;0.000;407.114; 11.968;  0.000;  0.000;0.7000;0.09;0.00;90.00;34.63;0.200;-2672.376;-4516.832;3624.807;90.00;0.000;34.632
  0.00;-2672.376;-4516.832;3624.807;   0.153;   0.0;0.000;0.000;404.978; 22.730;  0.000;  0.000;1.0000;0.31;0.00;90.00;34.63;0.200;-2672.376;-4516.832;3624.807;90.00;0.000;34.632
  0.10;-2672.376;-4516.832;3624.807;   0.153;   0.2;0.000;0.000;404.729; 23.988;  0.000;  0.000;1.0000;1.31;2.31;87.69;90.00;0.200;-2672.343;-4516.852;3624.807;180.00;0.000;34.632
  1.10;-2672.376;-4516.833;3624.808;   0.155;   3.3;0.000;0.007;402.237; 36.598;  0.000;  0.000;1.0000;1.32;0.33;89.67;90.00;0.200;-2672.014;-4517.048;3624.808;180.00;0.000;34.632
  2.10;-2672.378;-4516.837;3624.811;   0.160;   6.5;0.000;0.025;399.745; 49.265;  0.000;  0.000;1.0000;1.32;0.30;89.69;89.99;0.200;-2671.687;-4517.246;3624.811;180.00;0.000;34.632
  3.10;-2672.382;-4516.843;3624.815;   0.168;   9.7;0.000;0.056;397.254; 61.992;  0.000;  0.000;1.0000;1.33;0.30;89.70;89.99;0.200;-2671.361;-4517.447;3624.815;179.99;0.000;34.632
  4.10;-2672.387;-4516.851;3624.822;   0.180;  12.9;0.000;0.100;394.762; 74.779;  0.000;  0.000;1.0000;1.33;0.29;89.70;89.99;0.200;-2671.036;-4517.650;3624.822;179.99;0.000;34.632
  5.10;-2672.393;-4516.861;3624.830;   0.194;  16.3;0.000;0.158;392.271; 87.627;  0.000;  0.000;1.0000;1.34;0.29;89.71;89.98;0.200;-2670.713;-4517.855;3624.830;179.99;0.000;34.632
  6.10;-2672.401;-4516.874;3624.840;   0.213;  19.7;0.000;0.231;389.779;100.539;  0.000;  0.000;1.0000;1.35;0.29;89.71;89.98;0.200;-2670.391;-4518.062;3624.840;179.99;0.000;34.632
  7.10;-2672.410;-4516.889;3624.852;   0.234;  23.1;0.000;0.318;387.288;113.514;  0.000;  0.000;1.0000;1.35;0.29;89.71;89.98;0.200;-2670.071;-4518.272;3624.852;179.98;0.000;34.632
  8.10;-2672.420;-4516.907;3624.867;   0.259;  26.6;0.001;0.421;384.796;126.554;  0.000;  0.000;1.0000;1.36;0.28;89.71;89.97;0.200;-2669.752;-4518.485;3624.867;179.98;0.000;34.632
  9.10;-2672.432;-4516.927;3624.883;   0.287;  30.2;0.001;0.541;382.304;139.661;  0.000;  0.000;1.0000;1.37;0.28;89.71;89.97;0.200;-2669.434;-4518.700;3624.883;179.98;0.000;34.632
 10.10;-2672.446;-4516.950;3624.901;   0.320;  33.9;0.001;0.678;379.813;152.835;  0.000;  0.000;1.0000;1.37;0.28;89.71;89.97;0.200;-2669.118;-4518.917;3624.901;179.98;0.000;34.632
 11.10;-2672.461;-4516.975;3624.921;   0.355;  37.6;0.001;0.832;377.321;166.078;  0.000;  0.000;1.0000;1.38;0.28;89.71;89.96;0.200;-2668.804;-4519.137;3624.921;179.97;0.000;34.632
 12.10;-2672.478;-4517.004;3624.943;   0.395;  41.4;0.001;1.005;374.830;179.391;  0.000;  0.000;1.0000;1.39;0.28;89.70;89.96;0.200;-2668.491;-4519.360;3624.943;179.97;0.000;34.632
 13.10;-2672.496;-4517.034;3624.968;   0.438;  45.3;0.001;1.196;372.338;192.776;  0.000;  0.000;1.0000;1.40;0.28;89.70;89.95;0.200;-2668.180;-4519.585;3624.968;179.97;0.000;34.632
 14.10;-2672.516;-4517.068;3624.995;   0.486;  49.2;0.002;1.407;369.847;206.234;  0.000;  0.000;1.0000;1.40;0.28;89.70;89.95;0.200;-2667.870;-4519.813;3624.995;179.97;0.000;34.632
 15.10;-2672.538;-4517.104;3625.024;   0.537;  53.2;0.002;1.638;367.355;219.766;  0.000;  0.000;1.0000;1.41;0.28;89.70;89.95;0.200;-2667.562;-4520.044;3625.024;179.96;0.000;34.632
 16.10;-2672.561;-4517.143;3625.055;   0.592;  57.3;0.002;1.889;364.863;233.374;  0.000;  0.000;1.0000;1.42;0.28;89.70;89.94;0.200;-2667.256;-4520.278;3625.055;179.96;0.000;34.632
 17.10;-2672.586;-4517.186;3625.088;   0.652;  61.4;0.003;2.160;362.372;247.059;  0.000;  0.000;1.0000;1.43;0.28;89.69;89.94;0.200;-2666.951;-4520.515;3625.088;179.96;0.000;34.632
 18.10;-2672.613;-4517.231;3625.124;   0.716;  65.7;0.003;2.453;359.880;260.823;  0.000;  0.000;1.0000;1.43;0.28;89.69;89.94;0.200;-2666.649;-4520.754;3625.124;179.96;0.000;34.632
 19.10;-2672.642;-4517.279;3625.163;   0.783;  70.0;0.003;2.768;357.389;274.666;  0.000;  0.000;1.0000;1.44;0.28;89.69;89.93;0.200;-2666.348;-4520.997;3625.163;179.95;0.000;34.632
 20.10;-2672.672;-4517.330;3625.203;   0.856;  74.3;0.004;3.105;354.897;288.591;  0.000;  0.000;1.0000;1.45;0.28;89.68;89.93;0.200;-2666.048;-4521.243;3625.203;179.95;0.000;34.632
 21.10;-2672.705;-4517.384;3625.247;   0.932;  78.8;0.004;3.464;352.406;302.599;  0.000;  0.000;1.0000;1.46;0.28;89.68;89.93;0.200;-2665.751;-4521.491;3625.247;179.95;0.000;34.632
 22.10;-2672.739;-4517.442;3625.293;   1.014;  83.3;0.005;3.845;349.914;316.691;  0.000;  0.000;1.0000;1.46;0.28;89.68;89.92;0.200;-2665.456;-4521.743;3625.293;179.95;0.000;34.632
 23.10;-2672.775;-4517.503;3625.341;   1.099;  87.9;0.005;4.249;347.422;330.869;  0.000;  0.000;1.0000;1.47;0.28;89.67;89.92;0.200;-2665.162;-4521.998;3625.341;179.95;0.000;34.632
 24.10;-2672.814;-4517.567;3625.392;   1.190;  92.6;0.006;4.676;344.931;345.135;  0.000;  0.000;1.0000;1.48;0.28;89.67;89.92;0.200;-2664.870;-4522.257;3625.392;179.94;0.000;34.632
 25.10;-2672.854;-4517.634;3625.446;   1.285;  97.4;0.006;5.125;342.439;359.489;  0.000;  0.000;1.0000;1.49;0.28;89.66;89.91;0.200;-2664.581;-4522.519;3625.446;179.94;0.000;34.632
 26.10;-2672.896;-4517.705;3625.502;   1.385; 102.3;0.007;5.597;339.948;373.934;  0.000;  0.000;1.0000;1.50;0.28;89.66;89.91;0.200;-2664.293;-4522.784;3625.502;179.94;0.000;34.632
 27.10;-2672.941;-4517.779;3625.562;   1.490; 107.2;0.007;6.092;337.456;388.470;  0.000;  0.000;1.0000;1.51;0.28;89.66;89.91;0.200;-2664.008;-4523.052;3625.562;179.94;0.000;34.632
 28.10;-2672.987;-4517.857;3625.624;   1.600; 112.3;0.008;6.608;334.964;403.100;  0.000;  0.000;1.0000;1.52;0.28;89.65;89.90;0.200;-2663.724;-4523.324;3625.624;179.93;0.000;34.632
 29.10;-2673.036;-4517.938;3625.689;   1.715; 117.4;0.009;7.147;332.473;417.825;  0.000;  0.000;1.0000;1.53;0.28;89.65;89.90;0.200;-2663.443;-4523.600;3625.689;179.93;0.000;34.632
 30.10;-2673.087;-4518.023;3625.756;   1.835; 122.6;0.009;7.707;329.981;432.647;  0.000;  0.000;1.0000;1.53;0.25;89.64;89.89;0.200;-2663.164;-4523.879;3625.756;-154.11;0.000;34.632
 31.10;-2673.140;-4518.112;3625.827;   1.960; 127.9;0.010;8.287;327.490;447.567;  0.000;  0.000;1.0000;1.54;-0.79;89.60;88.95;0.200;-2662.887;-4524.163;3625.827;-95.23;0.000;34.632
 32.10;-2673.196;-4518.204;3625.901;   2.091; 133.3;0.011;8.888;324.998;462.586;  0.000;  0.000;1.0000;1.55;-1.62;89.47;87.95;0.200;-2662.613;-4524.449;3625.901;-92.49;0.000;34.632
 33.10;-2673.254;-4518.301;3625.977;   2.227; 138.8;0.013;9.507;322.507;477.706;  0.000;  0.000;1.0000;1.56;-2.36;89.24;86.95;0.200;-2662.341;-4524.741;3625.977;-91.55;0.000;34.632
 34.10;-2673.315;-4518.402;3626.056;   2.369; 144.4;0.015;10.143;320.015;492.929;  0.000;  0.000;1.0000;1.57;-3.03;88.92;85.95;0.200;-2662.071;-4525.036;3626.056;-91.07;0.000;34.632
 35.10;-2673.378;-4518.508;3626.137;   2.516; 150.0;0.018;10.796;317.523;508.257;  0.000;  0.000;1.0000;1.58;-3.63;88.54;84.95;0.200;-2661.804;-4525.336;3626.137;-90.78;0.000;34.632
 36.10;-2673.444;-4518.618;3626.220;   2.669; 155.8;0.022;11.463;315.032;523.690;  0.000;  0.000;1.0000;1.59;-4.18;88.10;83.95;0.200;-2661.540;-4525.640;3626.220;-90.59;0.000;34.632
 37.10;-2673.513;-4518.733;3626.306;   2.828; 161.6;0.028;12.144;312.540;539.230;  0.000;  0.000;1.0000;1.60;-4.69;87.61;82.95;0.200;-2661.278;-4525.949;3626.306;-90.45;0.000;34.632
 38.10;-2673.585;-4518.852;3626.393;   2.992; 167.5;0.035;12.838;310.049;554.878;  0.000;  0.000;1.0000;1.61;-5.15;87.08;81.95;0.200;-2661.020;-4526.263;3626.393;-90.34;0.000;34.632
 39.10;-2673.660;-4518.977;3626.482;   3.163; 173.5;0.045;13.541;307.557;570.637;  0.000;  0.000;1.0000;1.62;-5.59;86.52;80.95;0.200;-2660.765;-4526.582;3626.482;-90.26;0.000;34.632
 40.10;-2673.738;-4519.107;3626.573;   3.339; 179.6;0.056;14.254;305.066;586.508;  0.000;  0.000;1.0000;1.63;-6.00;85.93;79.95;0.200;-2660.512;-4526.906;3626.573;-90.20;0.000;34.632
 41.10;-2673.820;-4519.243;3626.665;   3.521; 185.8;0.070;14.974;302.574;602.492;  0.000;  0.000;1.0000;1.64;-6.38;85.31;78.95;0.200;-2660.263;-4527.236;3626.665;-90.14;0.000;34.631
 42.10;-2673.904;-4519.384;3626.758;   3.710; 192.2;0.086;15.700;300.082;618.590;  0.000;  0.000;1.0000;1.65;-6.75;84.68;77.95;0.200;-2660.017;-4527.571;3626.758;-90.10;0.000;34.631
 43.10;-2673.992;-4519.530;3626.853;   3.904; 198.6;0.105;16.430;297.591;634.804;  0.000;  0.000;1.0000;1.66;-7.11;84.04;76.95;0.200;-2659.775;-4527.912;3626.853;-90.06;0.000;34.631
 44.10;-2674.084;-4519.682;3626.949;   4.105; 205.1;0.128;17.161;295.099;651.135;  0.000;  0.000;1.0000;1.66;-7.46;83.39;75.95;0.200;-2659.536;-4528.259;3626.949;-90.03;0.000;34.631
 45.10;-2674.179;-4519.841;3627.046;   4.312; 211.7;0.153;17.891;292.608;667.585;  0.000;  0.000;1.0000;1.67;-7.71;82.73;75.03;0.200;-2659.300;-4528.611;3627.046;-90.00;0.000;34.631
 46.10;-2674.278;-4520.005;3627.143;   4.525; 218.4;0.181;18.621;290.116;684.156;  0.000;  0.000;1.0000;1.69;-7.37;82.08;74.73;0.200;-2659.068;-4528.970;3627.143;-90.01;0.000;34.630
 47.10;-2674.381;-4520.175;3627.242;   4.745; 225.3;0.213;19.351;287.625;700.847;  0.000;  0.000;1.0000;1.70;-7.02;81.42;74.42;0.202;-2658.840;-4529.334;3627.242;-90.01;0.000;34.630
 48.10;-2674.487;-4520.352;3627.341;   4.971; 232.3;0.248;20.076;285.133;717.662;  0.000;  0.000;1.0000;1.71;-6.68;80.77;74.11;0.208;-2658.616;-4529.705;3627.341;-90.02;0.000;34.630
 49.10;-2674.597;-4520.535;3627.441;   5.204; 239.5;0.288;20.794;282.641;734.601;  0.000;  0.000;1.0000;1.72;-6.34;80.12;73.80;0.216;-2658.395;-4530.083;3627.441;-90.02;0.000;34.629
 50.10;-2674.712;-4520.725;3627.542;   5.443; 246.8;0.331;21.501;280.150;751.665;  0.000;  0.000;1.0000;1.73;-6.00;79.47;73.49;0.225;-2658.178;-4530.467;3627.542;-90.03;0.000;34.629
 51.10;-2674.830;-4520.922;3627.643;   5.690; 254.2;0.378;22.195;277.658;768.856;  0.000;  0.000;1.0000;1.74;-5.66;78.82;73.18;0.236;-2657.965;-4530.857;3627.643;-90.03;0.000;34.629
 52.10;-2674.953;-4521.125;3627.744;   5.943; 261.7;0.429;22.871;275.167;786.174;  0.000;  0.000;1.0000;1.75;-5.32;78.17;72.87;0.249;-2657.757;-4531.255;3627.744;-90.04;0.000;34.628
 53.10;-2675.079;-4521.335;3627.846;   6.202; 269.4;0.485;23.526;272.675;803.622;  0.000;  0.000;1.0000;1.77;-4.98;77.52;72.56;0.263;-2657.552;-4531.660;3627.846;-90.04;0.000;34.628
 54.10;-2675.211;-4521.553;3627.947;   6.469; 277.2;0.546;24.157;270.184;821.201;  0.000;  0.000;1.0000;1.78;-4.65;76.88;72.26;0.279;-2657.352;-4532.071;3627.947;-90.05;0.000;34.627
 55.10;-2675.346;-4521.777;3628.049;   6.743; 285.2;0.611;24.760;267.692;838.912;  0.000;  0.000;1.0000;1.79;-4.32;76.24;71.95;0.295;-2657.156;-4532.490;3628.049;-90.05;0.000;34.627
 56.10;-2675.486;-4522.009;3628.151;   7.023; 293.2;0.682;25.331;265.200;856.755;  0.000;  0.000;1.0000;1.80;-3.99;75.60;71.64;0.311;-2656.965;-4532.917;3628.151;-90.06;0.000;34.626
 57.10;-2675.631;-4522.249;3628.252;   7.311; 301.4;0.757;25.868;262.709;874.733;  0.000;  0.000;1.0000;1.81;-3.67;74.97;71.33;0.329;-2656.778;-4533.351;3628.252;-90.06;0.000;34.625
 58.10;-2675.780;-4522.496;3628.353;   7.606; 309.8;0.838;26.366;260.217;892.846;  0.000;  0.000;1.0000;1.82;-3.35;74.34;71.02;0.346;-2656.595;-4533.792;3628.353;-90.07;0.000;34.625
 59.10;-2675.934;-4522.751;3628.453;   7.908; 318.2;0.925;26.822;257.726;911.096;  0.000;  0.000;1.0000;1.83;-3.04;73.72;70.71;0.364;-2656.417;-4534.241;3628.453;-90.07;0.000;34.624
 60.10;-2676.092;-4523.014;3628.553;   8.217; 326.8;1.017;27.234;255.235;929.478;  0.000;  0.000;0.9960;1.83;-2.74;73.10;70.40;0.381;-2656.244;-4534.699;3628.553;-90.07;0.000;34.623
 61.10;-2676.255;-4523.284;3628.652;   8.534; 335.1;1.115;27.530;252.806;947.541;  0.000;  0.000;0.9560;1.76;-2.45;72.49;70.09;0.397;-2656.075;-4535.164;3628.652;-90.08;0.000;34.622
 62.10;-2676.423;-4523.563;3628.750;   8.857; 342.8;1.218;27.660;250.476;964.988;  0.000;  0.000;0.9160;1.70;-2.17;71.90;69.79;0.412;-2655.911;-4535.636;3628.750;-90.08;0.000;34.621
 63.10;-2676.595;-4523.847;3628.847;   9.185; 349.9;1.328;27.630;248.246;981.806;  0.000;  0.000;0.8760;1.63;-1.90;71.31;69.48;0.424;-2655.751;-4536.115;3628.847;-90.08;0.000;34.620
 64.10;-2676.771;-4524.139;3628.942;   9.519; 356.3;1.442;27.449;246.116;997.982;  0.000;  0.000;0.8360;1.56;-1.64;70.73;69.17;0.435;-2655.595;-4536.601;3628.942;-90.09;0.000;34.619
 65.10;-2676.950;-4524.436;3629.035;   9.858; 362.1;1.563;27.127;244.084;1013.506;  0.000;  0.000;0.8000;1.50;-1.39;70.16;68.86;0.445;-2655.442;-4537.093;3629.035;-90.09;0.000;34.618
 66.10;-2677.133;-4524.738;3629.127;  10.201; 367.7;1.688;26.740;242.091;1028.836;  0.000;  0.000;0.8000;1.51;-1.14;69.59;68.55;0.453;-2655.292;-4537.590;3629.127;-90.09;0.000;34.617
 67.10;-2677.319;-4525.046;3629.216;  10.548; 373.4;1.819;26.339;240.098;1044.261;  0.000;  0.000;0.8000;1.52;-0.91;69.03;68.24;0.462;-2655.146;-4538.092;3629.216;-90.10;0.000;34.616
 68.10;-2677.508;-4525.360;3629.303;  10.898; 379.2;1.955;25.924;238.104;1059.783;  0.000;  0.000;0.8000;1.53;-0.71;68.46;67.93;0.469;-2655.003;-4538.600;3629.303;-90.10;0.000;34.614
 69.10;-2677.701;-4525.679;3629.387;  11.253; 385.2;2.097;25.499;236.111;1075.401;  0.000;  0.000;0.8000;1.54;-0.54;67.90;67.62;0.475;-2654.863;-4539.114;3629.387;-90.10;0.000;34.613
 70.10;-2677.897;-4526.004;3629.470;  11.612; 391.3;2.245;25.064;234.118;1091.116;  0.000;  0.000;0.8000;1.55;-0.47;67.35;67.32;0.480;-2654.726;-4539.634;3629.470;-90.10;0.000;34.612
 71.10;-2678.097;-4526.335;3629.550;  11.976; 397.5;2.398;24.622;232.125;1106.928;  0.000;  0.000;0.8000;1.56;0.50;66.80;67.01;0.484;-2654.593;-4540.159;3629.550;-90.11;0.000;34.611
 72.10;-2678.300;-4526.671;3629.627;  12.343; 403.9;2.558;24.176;230.131;1122.838;  0.000;  0.000;0.8000;1.57;0.64;66.26;66.70;0.487;-2654.464;-4540.690;3629.627;-90.11;0.000;34.609
 73.10;-2678.507;-4527.014;3629.702;  12.715; 410.4;2.723;23.728;228.138;1138.846;  0.000;  0.000;0.8000;1.58;0.81;65.72;66.39;0.490;-2654.338;-4541.228;3629.702;-90.11;0.000;34.608
 74.10;-2678.718;-4527.363;3629.774;  13.092; 417.0;2.895;23.281;226.145;1154.953;  0.000;  0.000;0.8000;1.59;1.00;65.19;66.08;0.493;-2654.215;-4541.771;3629.774;-90.12;0.000;34.606
 75.10;-2678.932;-4527.718;3629.844;  13.473; 423.8;3.073;22.841;224.151;1171.166;  0.000;  0.000;0.8040;1.61;1.20;64.66;65.77;0.495;-2654.097;-4542.321;3629.844;-90.12;0.000;34.604
 76.10;-2679.151;-4528.079;3629.910;  13.858; 431.2;3.257;22.459;222.095;1187.983;  0.000;  0.000;0.8440;1.70;1.40;64.14;65.46;0.496;-2653.982;-4542.877;3629.910;-90.12;0.000;34.603
 77.10;-2679.373;-4528.448;3629.975;  14.249; 439.6;3.448;21.222;219.940;1205.729;  0.000;  0.000;0.8840;1.80;1.59;63.63;65.15;0.496;-2653.871;-4543.441;3629.975;-90.12;0.000;34.601
 78.10;-2679.601;-4528.825;3630.036;  14.646; 448.9;3.647;20.791;217.685;1224.421;  0.000;  0.000;0.9240;1.90;1.78;63.12;64.85;0.496;-2653.765;-4544.012;3630.036;-90.12;0.000;34.599
 79.10;-2679.834;-4529.210;3630.095;  15.051; 459.3;3.854;20.418;215.331;1244.077;  0.000;  0.000;0.9640;2.00;1.96;62.63;64.54;0.494;-2653.665;-4544.592;3630.095;-90.13;0.000;34.597
 80.10;-2680.073;-4529.606;3630.152;  15.463; 470.7;4.069;20.093;212.877;1264.708;  0.000;  0.000;1.0000;2.09;2.12;62.15;64.23;0.490;-2653.570;-4545.183;3630.152;-90.13;0.000;34.595
 81.10;-2680.318;-4530.011;3630.206;  15.884; 482.7;4.293;19.769;210.386;1285.818;  0.000;  0.000;1.0000;2.11;2.28;61.69;63.92;0.485;-2653.481;-4545.783;3630.206;-90.13;0.000;34.593
 82.10;-2680.569;-4530.428;3630.257;  16.313; 494.9;4.526;19.416;207.894;1307.088;  0.000;  0.000;1.0000;2.12;2.42;61.23;63.61;0.479;-2653.398;-4546.394;3630.257;-90.13;0.000;34.591
 83.10;-2680.827;-4530.855;3630.306;  16.752; 507.3;4.769;19.035;205.403;1328.521;  0.000;  0.000;1.0000;2.14;2.56;60.78;63.30;0.471;-2653.322;-4547.017;3630.306;-90.14;0.000;34.589
 84.10;-2681.092;-4531.293;3630.352;  17.199; 519.9;5.021;18.629;202.911;1350.119;  0.000;  0.000;1.0000;2.16;2.69;60.34;62.99;0.461;-2653.253;-4547.650;3630.352;-90.14;0.000;34.587
 85.10;-2681.363;-4531.742;3630.395;  17.656; 532.7;5.283;18.198;200.419;1371.882;  0.000;  0.000;1.0000;2.18;2.81;59.91;62.68;0.451;-2653.190;-4548.294;3630.395;-90.14;0.000;34.585
 86.10;-2681.641;-4532.203;3630.435;  18.121; 545.8;5.554;17.746;197.928;1393.813;  0.000;  0.000;1.0000;2.20;2.93;59.48;62.38;0.440;-2653.133;-4548.950;3630.435;-90.14;0.000;34.582
 87.10;-2681.927;-4532.675;3630.472;  18.597; 559.0;5.836;17.273;195.436;1415.914;  0.000;  0.000;1.0000;2.22;3.03;59.07;62.07;0.427;-2653.084;-4549.617;3630.472;-90.14;0.000;34.580
 88.10;-2682.219;-4533.158;3630.506;  19.081; 572.5;6.128;16.783;192.945;1438.188;  0.000;  0.000;1.0000;2.24;3.13;58.66;61.76;0.414;-2653.041;-4550.296;3630.506;-90.15;0.000;34.577
 89.10;-2682.518;-4533.654;3630.537;  19.575; 586.3;6.430;16.276;190.453;1460.635;  0.000;  0.000;1.0000;2.26;3.22;58.26;61.45;0.401;-2653.005;-4550.987;3630.537;-90.15;0.000;34.574
 90.10;-2682.825;-4534.161;3630.564;  20.079; 600.2;6.743;14.789;187.961;1483.258;  0.000;  0.000;1.0000;2.28;3.30;57.87;61.14;0.390;-2652.977;-4551.690;3630.564;-90.15;0.000;34.571
 91.10;-2683.139;-4534.681;3630.588;  20.592; 614.4;7.067;14.415;185.470;1506.060;  0.000;  0.000;1.0000;2.30;3.38;57.48;60.83;0.375;-2652.955;-4552.405;3630.588;-90.15;0.000;34.569
 92.10;-2683.460;-4535.213;3630.608;  21.115; 628.9;7.402;14.026;182.978;1529.043;  0.000;  0.000;1.0000;2.32;3.44;57.11;60.52;0.361;-2652.941;-4553.133;3630.608;-90.15;0.000;34.566
 93.10;-2683.789;-4535.758;3630.624;  21.649; 643.6;7.749;13.624;180.487;1552.208;  0.000;  0.000;1.0000;2.34;3.50;56.74;60.21;0.347;-2652.935;-4553.873;3630.624;-90.15;0.000;34.562
 94.10;-2684.126;-4536.315;3630.637;  22.192; 658.5;8.107;13.211;177.995;1575.558;  0.000;  0.000;1.0000;2.36;3.56;56.37;59.91;0.332;-2652.936;-4554.626;3630.637;-90.16;0.000;34.559
 95.10;-2684.471;-4536.885;3630.646;  22.746; 673.7;8.476;12.787;175.504;1599.096;  0.000;  0.000;1.0000;2.38;3.60;56.02;59.60;0.319;-2652.944;-4555.392;3630.646;-90.16;0.000;34.556
 96.10;-2684.824;-4537.469;3630.650;  23.310; 689.1;8.858;12.355;173.012;1622.824;  0.000;  0.000;1.0000;2.41;3.64;55.67;59.29;0.305;-2652.961;-4556.172;3630.650;-90.16;0.000;34.552
 97.10;-2685.184;-4538.066;3630.651;  23.885; 704.7;9.251;11.917;170.520;1646.744;  0.000;  0.000;1.0000;2.43;3.68;55.33;58.98;0.292;-2652.985;-4556.964;3630.651;-90.16;0.000;34.549
 98.10;-2685.553;-4538.676;3630.647;  24.470; 720.6;9.657;11.473;168.029;1670.860;  0.000;  0.000;1.0000;2.45;3.71;54.99;58.67;0.279;-2653.017;-4557.771;3630.647;-90.16;0.000;34.545
 99.10;-2685.930;-4539.300;3630.639;  25.065; 736.7;10.076;11.026;165.537;1695.175;  0.000;  0.000;1.0000;2.47;3.73;54.66;58.36;0.267;-2653.057;-4558.591;3630.639;-90.16;0.000;34.542
100.10;-2686.316;-4539.937;3630.626;  25.672; 753.1;10.507;10.576;163.046;1719.689;  0.000;  0.000;1.0000;2.49;3.74;54.34;58.05;0.255;-2653.106;-4559.425;3630.626;-90.16;0.000;34.538
101.10;-2686.710;-4540.589;3630.609;  26.290; 769.7;10.951;10.127;160.554;1744.408;  0.000;  0.000;1.0000;2.51;3.75;54.02;57.74;0.243;-2653.162;-4560.273;3630.609;-90.17;0.000;34.534
102.10;-2687.112;-4541.255;3630.587;  26.918; 786.6;11.408;9.678;158.063;1769.333;  0.000;  0.000;1.0000;2.54;3.76;53.70;57.44;0.232;-2653.227;-4561.135;3630.587;-90.17;0.000;34.530
103.10;-2687.524;-4541.936;3630.561;  27.558; 803.8;11.879;9.233;155.571;1794.469;  0.000;  0.000;1.0000;2.56;3.75;53.40;57.13;0.221;-2653.301;-4562.012;3630.561;-90.17;0.000;34.525
104.10;-2687.944;-4542.631;3630.529;  28.210; 821.2;12.364;8.791;153.079;1819.817;  0.000;  0.000;1.0000;2.58;3.75;53.09;56.82;0.211;-2653.383;-4562.904;3630.529;-90.17;0.000;34.521
105.10;-2688.373;-4543.341;3630.492;  28.872; 838.8;12.862;8.354;150.588;1845.381;  0.000;  0.000;1.0000;2.61;3.74;52.80;56.51;0.202;-2653.474;-4563.811;3630.492;-90.17;0.000;34.517
106.10;-2688.812;-4544.066;3630.450;  29.546; 856.7;13.374;7.924;148.096;1871.165;  0.000;  0.000;1.0000;2.63;3.72;52.51;56.20;0.200;-2653.574;-4564.733;3630.450;-90.17;0.000;34.512
107.10;-2689.259;-4544.806;3630.403;  30.232; 874.9;13.901;7.502;145.605;1897.172;  0.000;  0.000;1.0000;2.65;3.70;52.22;55.89;0.200;-2653.683;-4565.670;3630.403;-90.17;0.000;34.507
108.10;-2689.716;-4545.561;3630.350;  30.930; 893.3;14.442;7.088;143.113;1923.405;  0.000;  0.000;1.0000;2.68;3.67;51.94;55.58;0.200;-2653.801;-4566.622;3630.350;-90.18;0.000;34.502
109.10;-2690.182;-4546.332;3630.291;  31.640; 912.0;14.998;6.684;140.622;1949.869;  0.000;  0.000;1.0000;2.70;3.64;51.66;55.27;0.200;-2653.928;-4567.591;3630.291;-90.18;0.000;34.497
110.10;-2690.658;-4547.119;3630.227;  32.361; 931.0;15.569;6.291;138.130;1976.567;  0.000;  0.000;1.0000;2.73;3.61;51.38;54.97;0.200;-2654.065;-4568.575;3630.227;-90.18;0.000;34.492
111.10;-2691.144;-4547.922;3630.157;  33.095; 950.2;16.155;5.909;135.638;2003.503;  0.000;  0.000;1.0000;2.75;3.57;51.11;54.66;0.200;-2654.211;-4569.575;3630.157;-90.18;0.000;34.487
112.10;-2691.640;-4548.742;3630.081;  33.841; 969.8;16.756;5.540;133.147;2030.681;  0.000;  0.000;1.0000;2.78;3.52;50.85;54.35;0.200;-2654.367;-4570.592;3630.081;-90.18;0.000;34.482
113.10;-2692.145;-4549.577;3629.999;  34.600; 989.6;17.374;5.183;130.655;2058.105;  0.000;  0.000;1.0000;2.80;3.48;50.59;54.04;0.200;-2654.532;-4571.626;3629.999;-90.18;0.000;34.476
114.10;-2692.661;-4550.430;3629.911;  35.371;1009.6;18.007;4.839;128.164;2085.779;  0.000;  0.000;1.0000;2.83;3.43;50.33;53.73;0.200;-2654.707;-4572.676;3629.911;-90.18;0.000;34.470
115.10;-2693.186;-4551.299;3629.816;  36.155;1030.0;18.657;4.509;125.672;2113.708;  0.000;  0.000;1.0000;2.85;3.37;50.07;53.42;0.200;-2654.892;-4573.743;3629.816;-90.18;0.000;34.464
116.10;-2693.723;-4552.185;3629.714;  36.952;1050.7;19.323;4.193;123.181;2141.897;  0.000;  0.000;1.0000;2.88;3.32;49.82;53.11;0.200;-2655.087;-4574.827;3629.714;-90.19;0.000;34.458
117.10;-2694.269;-4553.089;3629.606;  37.761;1071.7;20.005;3.892;120.689;2170.349;  0.000;  0.000;1.0000;2.91;3.26;49.57;52.80;0.200;-2655.292;-4575.929;3629.606;-90.19;0.000;34.452
118.10;-2694.826;-4554.010;3629.491;  38.584;1092.9;20.705;3.604;118.197;2199.070;  0.000;  0.000;1.0000;2.94;3.19;49.33;52.50;0.200;-2655.508;-4577.049;3629.491;-90.19;0.000;34.446
119.10;-2695.395;-4554.949;3629.369;  39.420;1114.5;21.422;3.331;115.706;2228.065;  0.000;  0.000;1.0000;2.97;3.13;49.09;52.19;0.200;-2655.734;-4578.186;3629.369;-90.19;0.000;34.440
120.10;-2695.974;-4555.906;3629.240;  40.269;1136.4;22.157;3.072;113.214;2257.339;  0.000;  0.000;1.0000;3.00;3.06;48.85;51.88;0.200;-2655.971;-4579.342;3629.240;-90.19;0.000;34.433
121.10;-2696.564;-4556.881;3629.103;  41.132;1158.6;22.910;2.827;110.723;2286.897;  0.000;  0.000;1.0000;3.03;2.99;48.61;51.57;0.200;-2656.218;-4580.516;3629.103;-90.19;0.000;34.426
122.10;-2697.165;-4557.875;3628.958;  42.008;1181.1;23.680;2.597;108.231;2316.745;  0.000;  0.000;1.0000;3.06;2.91;48.38;51.26;0.200;-2656.477;-4581.709;3628.958;-90.19;0.000;34.419
123.10;-2697.778;-4558.888;3628.806;  42.898;1204.0;24.469;2.380;105.739;2346.888;  0.000;  0.000;1.0000;3.09;2.84;48.14;50.95;0.200;-2656.746;-4582.920;3628.806;-90.19;0.000;34.412
124.10;-2698.402;-4559.919;3628.646;  43.802;1227.2;25.277;2.176;103.248;2377.332;  0.000;  0.000;1.0000;3.12;2.76;47.92;50.64;0.200;-2657.027;-4584.151;3628.646;-90.19;0.000;34.405
125.10;-2699.037;-4560.970;3628.478;  44.721;1250.7;26.104;1.986;100.756;2408.083;  0.000;  0.000;1.0000;3.15;2.68;47.69;50.33;0.200;-2657.319;-4585.401;3628.478;-90.20;0.000;34.398
126.10;-2699.685;-4562.040;3628.301;  45.653;1274.6;26.950;1.808;98.265;2439.147;  0.000;  0.000;1.0000;3.18;2.60;47.46;50.03;0.200;-2657.622;-4586.671;3628.301;-90.20;0.000;34.390
127.10;-2700.345;-4563.129;3628.116;  46.600;1298.8;27.816;1.643;95.773;2470.530;  0.000;  0.000;1.0000;3.21;2.51;47.24;49.72;0.200;-2657.937;-4587.961;3628.116;-90.20;0.000;34.382
128.10;-2701.016;-4564.239;3627.923;  47.561;1323.4;28.702;1.489;93.282;2502.240;  0.000;  0.000;1.0000;3.25;2.42;47.02;49.41;0.200;-2658.264;-4589.270;3627.923;-90.20;0.000;34.374
129.10;-2701.700;-4565.369;3627.720;  48.537;1348.3;29.609;1.347;90.790;2534.283;  0.000;  0.000;1.0000;3.28;2.34;46.80;49.10;0.200;-2658.603;-4590.601;3627.720;-90.20;0.000;34.366
130.10;-2702.397;-4566.520;3627.508;  49.527;1373.6;30.535;1.216;88.298;2566.665;  0.000;  0.000;1.0000;3.32;2.25;46.58;48.79;0.200;-2658.953;-4591.952;3627.508;-90.20;0.000;34.358
131.10;-2703.106;-4567.691;3627.287;  50.533;1399.3;31.483;1.095;85.807;2599.394;  0.000;  0.000;1.0000;3.35;2.15;46.37;48.48;0.200;-2659.316;-4593.324;3627.287;-90.20;0.000;34.349
132.10;-2703.828;-4568.884;3627.056;  51.554;1425.4;32.453;0.984;83.315;2632.478;  0.000;  0.000;1.0000;3.39;2.06;46.16;48.17;0.200;-2659.692;-4594.717;3627.056;-90.20;0.000;34.341
133.10;-2704.563;-4570.098;3626.816;  52.590;1451.9;33.443;0.882;80.824;2665.925;  0.000;  0.000;1.0000;3.43;1.97;45.94;47.86;0.200;-2660.080;-4596.132;3626.816;-90.20;0.000;34.332
134.10;-2705.311;-4571.333;3626.566;  53.641;1478.7;34.456;0.789;78.332;2699.741;  0.000;  0.000;1.0000;3.47;1.87;45.73;47.56;0.200;-2660.481;-4597.569;3626.565;-90.20;0.000;34.323
135.10;-2706.072;-4572.591;3626.305;  54.709;1506.0;35.492;0.704;75.841;2733.936;  0.000;  0.000;1.0000;3.51;1.77;45.52;47.25;0.200;-2660.894;-4599.028;3626.305;-90.20;0.000;34.313
136.10;-2706.847;-4573.871;3626.034;  55.792;1533.7;36.550;0.626;73.349;2768.519;  0.000;  0.000;1.0000;3.55;1.67;45.32;46.94;0.200;-2661.321;-4600.509;3626.034;-90.21;0.000;34.304
137.10;-2707.636;-4575.173;3625.752;  56.890;1561.8;37.631;0.556;70.857;2803.496;  0.000;  0.000;1.0000;3.59;1.57;45.11;46.63;0.200;-2661.761;-4602.014;3625.752;-90.21;0.000;34.294
138.10;-2708.439;-4576.498;3625.459;  58.005;1590.4;38.736;0.493;68.366;2838.879;  0.000;  0.000;1.0000;3.63;1.47;44.91;46.32;0.200;-2662.215;-4603.541;3625.459;-90.21;0.000;34.284
139.10;-2709.255;-4577.847;3625.155;  59.137;1619.4;39.865;0.436;65.874;2874.677;  0.000;  0.000;1.0000;3.67;1.37;44.70;46.01;0.200;-2662.682;-4605.092;3625.155;-90.21;0.000;34.274
140.10;-2710.086;-4579.219;3624.839;  60.285;1648.8;41.018;0.384;63.383;2910.899;  0.000;  0.000;1.0000;3.72;1.27;44.50;45.70;0.200;-2663.163;-4606.666;3624.839;-90.21;0.000;34.264
141.10;-2710.932;-4580.615;3624.512;  61.449;1678.7;42.196;0.338;60.891;2947.555;  0.000;  0.000;1.0000;3.76;1.17;44.30;45.39;0.200;-2663.658;-4608.265;3624.512;-90.21;0.000;34.253
142.10;-2711.792;-4582.035;3624.173;  62.630;1709.1;43.400;0.296;58.400;2984.656;  0.000;  0.000;1.0000;3.81;1.07;44.10;45.09;0.200;-2664.168;-4609.888;3624.173;-90.21;0.000;34.242
143.10;-2712.667;-4583.479;3623.821;  63.829;1740.0;44.629;0.259;55.908;3022.213;  0.000;  0.000;1.0000;3.85;0.97;43.91;44.78;0.200;-2664.692;-4611.536;3623.821;-90.21;0.000;34.231
144.10;-2713.557;-4584.949;3623.457;  65.045;1771.3;45.884;0.227;53.416;3060.237;  0.000;  0.000;1.0000;3.90;0.87;43.71;44.47;0.200;-2665.230;-4613.209;3623.457;-90.21;0.000;34.220
145.10;-2714.463;-4586.444;3623.079;  66.278;1803.2;47.165;0.197;50.925;3098.741;  0.000;  0.000;1.0000;3.95;0.77;43.51;44.16;0.200;-2665.784;-4614.908;3623.079;-90.21;0.000;34.208
146.10;-2715.384;-4587.964;3622.689;  67.529;1835.6;48.474;0.171;48.433;3137.735;  0.000;  0.000;1.0000;4.00;0.68;43.32;43.85;0.200;-2666.352;-4616.632;3622.689;-90.21;0.000;34.197
147.10;-2716.321;-4589.511;3622.285;  68.797;1868.5;49.810;0.148;45.942;3177.234;  0.000;  0.000;1.0000;4.05;0.59;43.12;43.54;0.200;-2666.936;-4618.383;3622.285;-90.21;0.000;34.185
148.10;-2717.274;-4591.084;3621.867;  70.084;1901.9;51.174;0.128;43.450;3217.249;  0.000;  0.000;1.0000;4.11;0.52;42.93;43.23;0.200;-2667.535;-4620.161;3621.867;-90.22;0.000;34.172
149.10;-2718.244;-4592.683;3621.436;  71.389;1936.0;52.566;0.111;40.958;3257.795;  0.000;  0.000;1.0000;4.16;0.46;42.74;42.92;0.200;-2668.150;-4621.965;3621.436;-90.22;0.000;34.160
150.10;-2719.230;-4594.310;3620.989;  72.713;1970.5;53.987;0.095;38.467;3298.887;  0.000;  0.000;1.0000;4.22;0.43;42.55;42.62;0.200;-2668.781;-4623.798;3620.989;-90.22;0.000;34.147
151.10;-2720.233;-4595.965;3620.528;  74.055;2005.7;55.438;0.081;35.975;3340.538;  0.000;  0.000;1.0000;4.28;-0.43;42.36;42.31;0.200;-2669.429;-4625.658;3620.528;-90.22;0.000;34.134
152.10;-2721.253;-4597.647;3620.052;  75.416;2041.5;56.919;0.070;33.484;3382.764;  0.000;  0.000;1.0000;4.34;-0.46;42.17;42.00;0.200;-2670.093;-4627.546;3620.052;-90.22;0.000;34.121
153.10;-2722.290;-4599.359;3619.560;  76.797;2077.9;58.431;0.059;30.992;3425.582;  0.000;  0.000;1.0000;4.40;-0.51;41.98;41.69;0.200;-2670.773;-4629.463;3619.560;-90.22;0.000;34.107
154.10;-2723.345;-4601.099;3619.052;  78.197;2114.9;59.974;0.051;28.501;3469.009;  0.000;  0.000;1.0000;4.46;-0.59;41.79;41.38;0.200;-2671.471;-4631.410;3619.052;-90.22;0.000;34.093
155.10;-2724.417;-4602.868;3618.527;  79.617;2152.5;61.548;0.043;26.009;3513.061;  0.000;  0.000;1.0000;4.53;-0.68;41.61;41.07;0.200;-2672.186;-4633.386;3618.527;-90.22;0.000;34.079
156.10;-2725.508;-4604.667;3617.986;  81.057;2190.9;63.155;0.036;23.517;3557.757;  0.000;  0.000;1.0000;4.59;-0.78;41.42;40.76;0.200;-2672.918;-4635.393;3617.986;-90.22;0.000;34.065
157.10;-2726.618;-4606.497;3617.428;  82.517;2229.9;64.795;0.031;21.026;3603.116;  0.000;  0.000;1.0000;4.66;-0.89;41.23;40.45;0.200;-2673.669;-4637.430;3617.428;-90.22;0.000;34.050
158.10;-2727.746;-4608.358;3616.853;  83.997;2269.6;66.468;0.026;18.534;3649.159;  0.000;  0.000;1.0000;4.73;-1.00;41.05;40.15;0.200;-2674.437;-4639.498;3616.853;-90.22;0.000;34.035
159.10;-2728.893;-4610.249;3616.259;  85.499;2310.1;68.175;0.022;16.043;3695.906;  0.000;  0.000;1.0000;4.80;-1.11;40.86;39.84;0.200;-2675.224;-4641.598;3616.259;-90.22;0.000;34.020
160.10;-2730.060;-4612.173;3615.647;  87.021;2351.3;69.918;0.000;13.551;3743.379;  0.000;  0.000;1.0000;4.88;-1.23;40.68;39.53;0.200;-2676.030;-4643.731;3615.647;-90.22;0.000;34.004
161.10;-2731.246;-4614.129;3615.016;  88.565;2393.3;71.696;0.000;11.061;3791.564;  0.000;  0.000;0.9900;4.91;-1.35;40.50;39.22;0.200;-2676.854;-4645.896;3615.016;-90.22;0.000;33.988
162.10;-2732.452;-4616.118;3614.366;  90.130;2433.2;73.509;0.000;8.726;3837.472;  0.000;  0.000;0.8900;4.48;-1.47;40.32;38.91;0.200;-2677.698;-4648.093;3614.366;-90.23;0.000;33.972
163.10;-2733.676;-4618.135;3613.698;  91.714;2468.9;75.355;0.000;6.639;3879.075;  0.000;  0.000;0.7900;4.03;-1.59;40.14;38.60;0.200;-2678.559;-4650.320;3613.698;-90.23;0.000;33.955
164.10;-2734.915;-4620.178;3613.013;  93.313;2500.1;77.231;0.000;4.801;3916.186;  0.000;  0.000;0.6900;3.56;-1.72;39.96;38.29;0.200;-2679.434;-4652.573;3613.013;-90.23;0.000;33.938
165.10;-2736.168;-4622.242;3612.311;  94.925;2526.7;79.133;0.000;3.213;3948.631;  0.000;  0.000;0.5900;3.08;-1.84;39.79;38.00;0.200;-2680.323;-4654.848;3612.311;-90.23;0.000;33.921
175.10;-2748.690;-4642.834;3604.884; 110.808;2493.8;98.411;0.000;1.996;3973.715;  0.000;  0.000;0.0000;0.00;0.60;38.28;38.88;0.200;-2689.186;-4677.551;3604.884;-90.88;0.000;33.748
200.10;-2778.392;-4691.312;3584.018; 146.666;2355.2;146.250;0.000;1.996;3973.715;  0.000;  0.000;0.0000;0.00;5.08;34.23;39.31;0.200;-2709.646;-4731.352;3584.018;-91.00;0.000;33.318
225.10;-2805.780;-4735.494;3559.936; 177.048;2232.4;193.617;0.000;1.996;3973.715;  0.000;  0.000;0.0000;0.00;10.01;29.72;39.73;0.200;-2727.675;-4780.909;3559.936;-91.12;0.000;32.893
250.10;-2830.014;-4775.885;3532.706; 202.002;2155.7;240.574;0.000;1.996;3973.715;  0.000;  0.000;0.0000;0.00;18.52;24.40;40.15;0.200;-2743.292;-4826.238;3532.706;-91.24;0.000;32.471
275.10;-2843.231;-4816.993;3502.386; 221.568;2070.7;287.172;0.000;1.996;3973.715;  0.000;  0.000;0.0000;0.00;23.74;19.04;40.57;0.200;-2756.510;-4867.345;3502.386;-91.37;0.000;32.052
300.10;-2854.060;-4853.882;3469.031; 235.777;2007.0;333.777;0.000;1.996;3973.715;  0.000;  0.000;0.0000;0.00;29.52;13.30;40.98;0.200;-2767.338;-4904.235;3469.031;-91.49;0.000;31.635
325.10;-2862.505;-4886.548;3432.688; 244.650;1966.3;380.369;0.000;1.996;3973.715;  0.000;  0.000;0.0000;0.00;35.71;7.27;41.40;0.200;-2775.783;-4936.900;3432.688;-91.61;0.000;31.219
350.10;-2868.570;-4914.979;3393.401; 248.202;1949.8;426.968;0.000;1.996;3973.715;  0.000;  0.000;0.0000;0.00;42.14;1.06;41.81;0.200;-2781.848;-4965.332;3393.401;-91.73;0.000;30.804
375.10;-2872.252;-4939.158;3351.208; 246.438;1958.0;473.618;0.000;1.996;3973.715;  0.000;  0.000;0.0000;0.00;48.64;-5.18;42.22;1.600;-2785.530;-4989.511;3351.208;-91.85;0.000;30.389
400.10;-2873.547;-4959.062;3306.143; 239.356;1990.6;520.373;0.000;1.996;3973.715;  0.000;  0.000;0.0000;0.00;55.04;-11.29;42.63;1.600;-2786.825;-5009.414;3306.143;-91.98;0.000;29.974
425.10;-2872.446;-4974.658;3258.236; 226.944;2046.6;567.294;0.000;1.996;3973.715;  0.000;  0.000;0.0000;0.00;61.21;-17.14;43.05;1.600;-2785.724;-5025.011;3258.236;-92.10;0.000;29.557
450.10;-2868.936;-4985.910;3207.511; 209.183;2124.6;614.450;0.000;1.996;3973.715;  0.000;  0.000;0.0000;0.00;67.04;-22.63;43.46;1.600;-2782.214;-5036.262;3207.511;-92.23;0.000;29.138
475.10;-2868.286;-4989.837;3153.995; 186.045;2197.6;661.338;0.000;1.996;3973.715;  0.000;  0.000;0.0000;0.00;71.92;-28.04;43.88;1.600;-2776.280;-5043.124;3153.991;-92.35;0.000;28.717
500.10;-2869.051;-4987.188;3097.704; 157.494;2315.2;708.226;0.000;1.996;3973.715;  0.000;  0.000;0.0000;0.00;77.00;-32.69;44.30;1.600;-2767.899;-5045.543;3097.692;-92.48;0.000;28.292
525.10;-2867.246;-4980.107;3038.648; 123.483;2449.0;755.627;0.000;1.996;3973.715;  0.000;  0.000;0.0000;0.00;81.61;-36.89;44.73;1.600;-2757.049;-5043.459;3038.629;-92.62;0.000;27.864
550.10;-2862.817;-4968.537;2976.836;  83.958;2597.4;803.622;0.034;1.996;3973.715;  0.000;  0.000;0.0000;0.02;85.80;-40.64;45.16;1.600;-2743.699;-5036.803;2976.811;-92.75;0.000;27.430
